2|1
3|2
4|3
5|4
6|5
7|6
8|7
9|8
10|10
11|11
12|12
13|14
14|15
15|16
16|18
17|20
18|21
19|22
20|23
21|24
22|25
23|26
24|27
25|28
26|30
27|31
28|32
29|33
30|34
31|35
32|36
33|37
34|38
35|39
36|40
39|41
140|151
145|156
159|169
160|170
163|173
177|187
186|196
196|206
221|231
222|232
223|233
225|235
226|236
227|237
228|238
229|239
230|240
231|241
232|242
233|244
234|245
240|251
241|252
242|253
243|254
244|255
245|256
246|257
247|258
248|259
249|260
250|261
251|263
252|264
254|266
255|267
256|268
257|269
258|270
259|271
260|272
261|273
262|274
263|275
264|276
265|277
266|278
267|279
268|280
274|283
275|284
276|285
277|286
278|287
279|288
280|289
281|290
282|291
283|292
284|293
285|294
286|295
287|296
288|297
289|298
290|299
291|300
292|301
293|302
294|303
295|304
296|305
297|306
298|307
299|308
300|309
301|310
302|311
303|312
304|313
305|314
306|315
307|316
308|317
309|318
310|319
311|320
312|321
313|322
317|326
318|327
319|328
320|329
321|330
322|331
323|332
324|333
325|334
326|335
327|336
328|337
329|338
330|339
332|341
333|342
334|343
335|344
336|345
337|346
338|347
339|348
341|350
342|351
343|352
344|353
345|354
346|355
347|356
348|357
349|358
350|359
351|360
352|361
353|362
354|363
355|364
356|365
357|366
358|367
359|368
360|369
361|370
362|371
363|372
364|373
365|374
366|375
367|376
368|377
372|382
373|383
374|384
375|385
376|386
377|388
378|389
379|390
380|391
381|392
382|393
387|398
393|404
394|405
395|406
396|407
403|414
415|17
426|435
439|449
440|450
441|451
442|452
443|453
444|454
445|455
446|456
447|457
448|458
450|459
451|461
452|462
453|463
454|464
455|465
456|466
457|467
458|468
459|469
460|470
461|471
462|472
463|473
464|474
465|475
466|476
467|477
468|478
469|479
470|480
471|481
472|482
473|483
474|484
475|484
476|485
477|486
478|487
479|488
480|489
481|490
482|491
483|492
484|378
485|493
486|494
487|495
488|496
489|497
490|498
491|499
492|500
493|501
494|502
495|503
496|504
497|505
498|506
499|507
500|508
501|509
502|510
503|511
504|512
505|513
506|514
508|515
509|516
510|517
511|518
512|519
513|520
514|521
515|522
516|523
517|524
518|526
519|527
520|528
521|529
522|530
523|531
524|532
525|533
526|534
527|535
528|536
529|537
530|538
531|539
532|540
533|541
534|542
535|543
536|544
537|545
538|546
539|548
540|549
541|550
542|553
543|554
544|555
545|556
546|557
547|558
548|559
549|560
550|561
551|562
552|563
553|564
554|565
555|566
556|567
557|568
558|569
559|570
560|571
561|572
562|573
563|574
564|575
565|575
566|576
567|577
570|579
571|580
572|581
573|582
574|583
575|585
576|586
577|587
578|588
579|589
580|590
581|591
582|592
583|593
584|594
585|486
586|595
587|596
588|597
589|598
590|599
591|600
592|601
593|602
594|603
595|604
596|605
597|606
598|607
599|608
600|609
601|610
602|611
603|612
604|613
605|614
606|615
607|616
608|617
609|618
610|619
611|620
612|621
613|536
614|622
615|623
616|624
617|625
619|626
620|627
621|628
622|629
623|630
624|631
625|632
626|633
627|634
628|635
629|636
630|637
631|638
632|639
633|640
634|641
635|642
636|643
637|644
638|645
639|646
640|647
641|648
642|649
643|651
644|652
645|653
646|654
647|655
648|656
649|657
650|658
651|659
652|660
653|661
654|662
655|663
656|664
657|665
658|666
659|668
660|669
661|670
662|671
663|672
664|673
665|674
666|675
667|676
668|677
669|678
670|679
671|680
672|681
673|682
674|683
675|684
676|685
677|686
678|687
679|688
680|689
681|690
682|691
683|692
684|693
685|694
686|695
687|696
688|697
689|698
690|699
691|701
692|702
693|703
694|704
695|705
696|706
697|707
698|708
699|709
700|710
701|711
702|712
703|713
704|714
705|715
706|716
707|717
708|718
709|719
710|720
711|721
712|722
713|723
714|724
715|725
716|726
717|727
718|728
719|729
720|730
721|731
722|732
723|733
724|734
725|735
726|736
727|737
728|738
729|739
730|740
731|741
732|742
733|743
734|744
735|745
736|746
737|747
738|748
739|749
740|750
741|751
742|752
743|753
744|754
745|755
746|756
747|757
748|758
749|759
750|760
751|761
752|762
753|763
754|764
755|765
757|766
758|767
759|768
760|769
761|770
762|771
763|772
764|773
765|775
766|776
767|777
768|778
769|779
770|780
771|781
772|782
773|783
774|784
775|785
776|786
777|787
778|788
779|789
780|790
781|791
782|792
783|793
784|794
785|795
786|796
787|797
788|689
789|799
790|800
791|801
792|802
793|803
794|804
795|805
796|806
797|807
800|808
801|809
802|810
803|811
804|812
805|814
806|815
807|816
808|817
809|818
810|819
811|820
812|821
813|822
814|823
815|824
816|825
817|826
818|827
819|828
821|830
822|831
823|833
824|834
825|835
826|836
827|837
831|838
832|839
837|840
838|841
839|842
840|843
841|844
842|845
847|846
848|847
849|848
850|849
851|850
852|851
853|852
854|853
855|854
856|855
857|856
858|857
859|858
860|859
861|860
862|861
863|862
864|863
865|863
866|864
867|865
868|866
869|867
870|774
871|868
872|869
873|870
874|871
875|872
876|873
877|874
878|875
879|876
880|878
881|879
882|880
883|881
884|882
885|883
886|884
887|885
888|887
889|888
890|889
891|890
892|891
893|892
894|893
895|894
896|896
897|897
898|898
899|899
900|900
901|901
902|902
903|903
906|904
907|905
908|907
909|911
910|917
911|918
912|921
913|922
914|886
915|923
916|924
917|925
918|926
919|927
920|929
921|930
922|931
923|932
924|933
925|934
926|935
927|936
928|937
929|938
930|939
931|940
932|941
933|942
934|943
935|949
936|950
937|951
938|952
939|953
940|954
941|955
942|956
943|957
944|958
945|959
946|960
947|961
948|962
949|964
952|965
953|966
954|967
955|968
956|969
957|970
958|971
959|972
960|972
961|973
962|974
963|975
964|976
965|977
966|978
967|980
968|981
969|981
970|982
971|983
972|984
973|985
974|986
975|963
976|987
977|988
993|989
994|990
995|991
996|994
997|995
998|996
999|997
1000|998
1001|999
1002|1000
1003|1001
1004|1002
1005|1004
1006|1005
1007|1006
1008|1007
1009|1008
1010|1009
1011|1010
1012|1011
1013|1012
1014|1013
1015|1014
1016|1015
1017|1016
1018|1017
1019|1018
1020|1019
1021|1020
1022|1021
1023|921
1024|1022
1025|1023
1026|1024
1027|1025
1028|1026
1029|1027
1030|1028
1031|1029
1032|1030
1033|1031
1034|1032
1035|1032
1036|1033
1037|1034
1038|1035
1039|1036
1040|1037
1041|1038
1042|1039
1043|1040
1044|1041
1045|1043
1046|1044
1047|1045
1048|1046
1049|1047
1050|1048
1051|1049
1052|1050
1053|1051
1054|1053
1055|1055
1056|1056
1057|1057
1058|1058
1059|1059
1063|1060
1064|1061
1065|1062
1066|1063
1071|1064
1072|1066
1073|1067
1074|1068
1075|1069
1076|1070
1077|1071
1078|1072
1079|1073
1080|1074
1081|1075
1082|1077
1083|1077
1084|1078
1085|1079
1086|1080
1087|1082
1088|1083
1089|1084
1090|1085
1091|1086
1092|1087
1093|1088
1094|1089
1095|1091
1099|1092
1100|1093
1101|1094
1102|1095
1103|1096
1104|1097
1105|567
1106|1098
1107|1100
1108|1102
1109|1103
1110|1104
1111|1105
1112|1106
1113|1114
1114|1115
1115|1116
1116|1117
1117|1118
1118|1119
1119|1120
1120|1121
1121|1122
1122|1124
1123|1125
1124|1130
1125|1131
1126|1133
1127|1134
1128|1136
1129|1137
1130|1138
1131|1139
1132|187
1133|1140
1134|1142
1135|1143
1136|1144
1137|1145
1138|1146
1142|1147
1143|1148
1144|1149
1145|1150
1146|1151
1149|1152
1150|1153
1151|1154
1152|1155
1153|1156
1154|1157
1155|1158
1156|1159
1157|1162
1158|1163
1159|1165
1160|1166
1161|1169
1162|1170
1163|1171
1164|1172
1165|1174
1166|1175
1167|1176
1168|1177
1169|1178
1170|1179
1171|1180
1175|1181
1176|1182
1177|1183
1178|1184
1179|1185
1180|1186
1181|1187
1182|1188
1183|1189
1184|1190
1185|1191
1186|1192
1187|1194
1188|1195
1189|1196
1190|1197
1191|1199
1192|1200
1193|1201
1196|1202
1197|1203
1198|1204
1199|1205
1201|1206
1202|1207
1203|1209
1204|1211
1205|1212
1206|1214
1207|1215
1208|1216
1209|1217
1210|1222
1211|1223
1212|1225
1213|1226
1214|1227
1215|1230
1216|1231
1217|1232
1218|1233
1219|1234
1220|1235
1221|1236
1222|1237
1223|1239
1224|1240
1225|1241
1226|1242
1227|1244
1228|1245
1229|1246
1230|1247
1231|1248
1232|1251
1234|1252
1235|1253
1236|1258
1237|1259
1238|1260
1239|1262
1240|1263
1241|1267
1242|1268
1243|1269
1244|1270
1245|1271
1246|1272
1247|1273
1248|1276
1249|1278
1250|1279
1253|1280
1254|1274
1255|1281
1256|1282
1257|1284
1258|1285
1259|1286
1260|1287
1261|1288
1262|1289
1263|1291
1264|1292
1265|1293
1266|1294
1267|1295
1268|1296
1269|1297
1271|1298
1272|1299
1273|1300
1274|1301
1275|1304
1276|1305
1277|1313
1278|1315
1279|1316
1280|1317
1281|1318
1282|1319
1283|1320
1284|1321
1285|1322
1286|1323
1287|1324
1288|1325
1289|1326
1290|1327
1291|1328
1292|1329
1293|278
1294|1330
1295|1331
1296|1332
1297|1333
1300|1334
1301|1335
1302|1336
1303|1337
1304|1338
1305|1339
1306|1340
1307|1342
1308|1343
1309|1344
1310|1345
1311|1346
1312|1347
1313|1348
1314|1349
1315|1350
1316|1351
1317|1352
1318|829
1319|1353
1320|1354
1321|1355
1322|1356
1323|1357
1324|1358
1325|1359
1326|1360
1327|1361
1328|1364
1329|1365
1330|1366
1331|1367
1332|1369
1333|1370
1334|1371
1335|1372
1336|1373
1337|1374
1338|1375
1339|1376
1340|1377
1341|1380
1342|1381
1343|1382
1344|1383
1345|1385
1346|1386
1348|1387
1349|1388
1351|1392
1352|1393
1353|1394
1354|1395
1355|1396
1356|1397
1357|1398
1358|1399
1359|1400
1360|1402
1361|1403
1362|1404
1363|1405
1364|1406
1365|1407
1368|1408
1369|1409
1370|1410
1371|1411
1372|1413
1373|1414
1374|1415
1379|1416
1380|1417
1381|1418
1382|1419
1383|1420
1384|1421
1385|1422
1386|1423
1387|1424
1388|1425
1389|1426
1390|1427
1391|1428
1392|1429
1393|1430
1394|1431
1395|1432
1396|1433
1397|1434
1398|1435
1399|1436
1400|1437
1401|1438
1402|1439
1403|1440
1404|1441
1405|1443
1406|1444
1407|1445
1408|1173
1410|1446
1411|1448
1412|1449
1413|1450
1414|1451
1415|1452
1416|1453
1417|1454
1418|1455
1419|1456
1420|1457
1421|1458
1422|1459
1423|1460
1424|1461
1425|1462
1426|1463
1427|1464
1428|1465
1429|1466
1430|1467
1431|1469
1432|1470
1433|1471
1434|1472
1435|1473
1436|1474
1439|1478
1440|1479
1441|1480
1442|1481
1443|1482
1444|1483
1445|1484
1446|1485
1447|1486
1448|1487
1449|1489
1450|1491
1451|1493
1452|1525
1453|1531
1454|1532
1455|1539
1456|1562
1457|1563
1458|1570
1459|1571
1460|1575
1461|1576
1462|1597
1463|1598
1464|575
1465|1642
1466|1643
1467|1556
1468|1644
1469|1632
1470|1538
1471|1501
1472|1503
1473|1577
1474|1543
1475|1504
1476|1494
1477|1578
1479|1492
1480|1536
1481|1520
1482|1502
1483|1505
1484|1506
1485|1509
1486|1510
1487|1519
1488|1522
1489|1523
1490|1529
1491|1541
1492|1549
1493|1551
1494|1552
1495|1553
1496|1554
1497|1557
1498|1559
1499|1595
1500|1599
1501|1609
1502|1602
1503|1611
1504|1612
1505|1613
1506|1633
1507|1635
1508|1645
1509|1574
1510|1658
1511|1666
1512|1668
1513|1670
1514|1677
1515|1685
1516|1691
1517|1692
1518|1693
1519|1694
1520|1695
1521|1696
1522|1697
1523|1698
1524|1699
1526|1700
1527|1701
1528|1702
1529|1703
1530|1707
1531|1709
1532|1711
1533|1712
1534|1713
1535|1714
1536|1720
1537|1721
1538|1722
1539|1723
1540|1724
1541|1725
1542|1726
1543|1727
1544|1728
1545|1729
1546|1730
1547|1731
1548|1732
1549|1758
1550|1759
1551|1762
1552|1763
1553|1764
1554|1765
1555|1767
1556|1776
1557|1783
1558|1787
1559|1789
1560|1790
1561|1792
1562|1793
1563|1794
1564|1795
1565|1796
1566|1798
1567|1801
1568|1811
1569|1825
1570|1829
1571|1842
1572|1843
1573|1850
1574|1886
1575|1887
1576|1888
1577|1892
1580|1902
1581|1903
1582|1904
1583|1905
1584|1909
1585|1932
1586|1938
1587|1939
1588|1943
1589|1596
1590|1955
1591|1956
1592|1966
1593|1985
1594|1989
1595|1994
1596|1997
1599|2005
1600|2006
1601|2020
1602|2023
1603|2025
1604|2026
1605|2027
1606|2029
1610|2031
1611|2045
1613|2057
1614|2062
1615|2063
1616|2073
1617|2074
1618|2075
1619|2079
1620|2080
1621|2084
1624|2088
