1|1
2|2
3|3
4|4
5|5
6|6
7|7
8|8
9|9
10|10
11|11
12|12
13|13
14|14
15|15
16|16
17|17
18|18
19|19
20|20
21|21
22|22
23|23
24|25
25|26
26|27
27|28
28|29
29|24
30|30
31|31
32|32
33|33
34|34
35|35
36|36
37|37
38|38
39|39
40|40
41|41
42|42
151|151
156|156
169|169
170|170
173|173
187|187
197|196
207|206
232|231
233|232
234|233
236|235
237|236
238|237
239|238
240|239
241|240
242|241
243|242
244|243
245|244
246|245
252|251
253|252
254|253
255|254
256|255
257|256
258|257
259|258
260|259
261|260
262|261
263|262
264|263
265|264
267|266
268|267
269|268
270|269
271|270
272|271
273|272
274|273
275|274
276|275
277|276
278|277
279|278
280|279
281|280
284|283
285|284
286|285
287|286
288|287
289|288
290|289
291|290
292|291
293|292
294|293
295|294
296|295
297|296
298|297
299|298
300|299
301|300
302|301
303|302
304|303
305|304
306|305
307|306
308|307
309|308
310|309
311|310
312|311
313|312
314|313
315|314
316|315
317|316
318|317
319|318
320|319
321|320
322|321
323|322
327|326
328|327
329|328
330|329
331|330
332|331
333|332
334|333
335|334
336|335
337|336
338|337
339|338
340|339
342|341
343|342
344|343
345|344
346|345
347|346
348|347
349|348
351|350
352|351
353|352
354|353
355|354
356|355
357|356
358|357
359|358
360|359
361|360
362|361
363|362
364|363
365|364
366|365
367|366
368|367
369|368
370|369
371|370
372|371
373|372
374|373
375|374
376|375
377|376
378|377
379|378
383|382
384|383
385|384
386|385
387|386
389|388
390|389
391|390
392|391
393|392
394|393
399|398
405|404
406|405
407|406
408|407
415|414
436|435
449|448
450|449
451|450
452|451
453|452
454|453
455|454
456|455
457|456
458|457
459|458
460|459
461|460
462|461
463|462
464|463
465|464
466|465
467|466
468|467
469|468
470|469
471|470
472|471
473|472
474|473
475|474
476|475
477|476
478|477
479|478
480|479
481|480
482|481
483|482
484|483
485|484
486|457
487|485
488|486
489|487
490|488
491|489
492|490
493|491
494|492
495|493
496|494
497|495
498|496
499|497
500|498
501|499
502|500
503|501
504|502
505|503
506|504
507|505
508|506
509|507
510|508
511|509
512|510
513|511
514|512
515|513
516|514
517|515
518|516
519|517
520|518
521|519
522|520
523|521
524|522
525|523
526|524
527|525
528|526
529|527
530|528
531|529
532|530
533|531
534|532
535|533
536|534
537|535
538|536
539|537
540|538
541|539
542|540
543|541
544|542
545|543
546|544
547|545
548|546
549|547
550|548
551|549
552|550
553|551
554|552
555|553
556|554
557|555
558|556
559|557
560|558
561|559
562|560
563|561
564|562
565|563
566|564
567|565
568|566
569|567
570|568
571|569
572|570
573|571
574|572
575|573
576|574
577|575
578|576
579|577
580|578
581|579
582|580
583|581
584|582
585|583
586|584
587|585
588|586
589|587
590|588
591|589
592|590
593|591
594|592
595|593
596|594
597|595
598|596
599|597
600|598
601|599
602|601
603|600
604|602
605|603
606|604
607|605
608|606
609|607
610|608
611|609
612|610
613|611
614|612
615|613
616|614
617|615
618|616
619|617
620|618
621|619
622|620
623|621
624|622
625|623
626|624
627|625
628|626
629|627
630|628
631|629
632|630
633|631
634|632
635|633
636|634
637|635
638|636
639|637
640|638
641|639
642|640
643|641
644|642
645|643
646|644
647|645
648|646
649|647
650|648
651|649
652|650
653|651
654|652
655|653
656|654
657|655
658|656
659|657
660|658
661|659
662|660
663|661
664|662
665|663
666|664
667|665
668|666
669|667
670|668
671|669
672|670
673|671
674|672
675|673
676|674
677|675
678|676
679|677
680|678
681|679
682|680
683|681
684|682
685|683
686|684
687|685
688|686
689|687
690|688
691|689
692|690
693|691
694|692
695|693
696|694
697|500
698|695
699|696
700|697
701|698
702|699
703|700
704|701
705|702
706|703
707|704
708|705
709|706
710|707
711|708
712|709
713|710
714|711
715|712
716|713
717|714
718|715
719|716
720|717
721|718
722|719
723|720
724|721
725|722
726|723
727|724
728|725
729|726
730|727
731|728
732|729
733|730
734|731
735|732
736|733
737|734
738|735
739|736
740|737
741|738
742|739
743|740
744|741
745|742
746|743
747|744
748|745
749|746
750|747
751|748
752|749
753|750
754|751
755|752
756|753
757|754
758|755
759|616
760|756
761|757
762|462
763|758
764|759
765|760
766|761
767|762
768|763
769|764
770|765
771|766
772|767
773|768
774|769
775|770
776|771
777|772
778|773
779|774
780|775
781|776
782|684
783|777
784|616
785|707
786|778
787|779
788|780
789|781
790|782
791|783
792|784
793|715
794|785
795|727
796|786
797|787
798|788
799|789
800|18
801|655
802|790
803|791
804|792
805|793
806|794
807|688
808|708
809|795
810|796
811|797
812|689
813|748
814|799
815|615
816|747
817|735
818|800
819|801
820|802
821|483
822|803
823|804
824|805
825|806
826|807
827|808
828|808
829|809
830|810
831|710
832|517
833|600
834|811
835|812
836|724
837|732
838|813
839|814
840|773
841|815
842|37
843|816
844|714
845|817
846|818
847|819
848|778
849|820
850|821
851|709
852|753
853|698
854|822
855|733
856|823
857|758
858|824
859|713
860|716
861|825
862|826
863|728
864|827
865|828
866|829
867|830
868|831
869|832
870|833
871|834
872|835
873|836
874|837
875|838
876|839
877|840
878|841
879|842
880|843
881|844
882|845
883|846
884|847
885|848
886|849
887|850
888|851
889|852
890|853
891|854
892|855
893|856
894|857
895|858
896|859
897|860
898|861
899|862
900|863
901|864
902|865
903|866
904|867
905|868
906|869
907|870
908|871
909|872
910|873
911|874
912|875
913|876
914|877
915|878
916|879
917|880
919|882
920|883
921|884
922|885
923|886
924|887
925|888
926|889
927|890
928|891
929|892
930|893
931|894
932|895
933|896
934|897
935|898
936|899
937|900
938|901
939|902
940|903
941|904
942|905
943|906
944|907
945|908
946|909
947|910
948|911
949|912
950|913
951|914
952|915
953|916
954|917
955|918
956|919
957|920
958|921
959|922
960|923
961|924
962|925
963|926
964|927
965|928
966|929
967|930
968|931
969|932
970|933
971|934
972|935
973|936
974|937
975|938
976|939
977|940
978|941
979|942
980|943
981|944
982|945
983|946
984|947
985|948
986|949
987|950
988|951
989|952
990|953
991|954
992|955
993|956
994|957
995|958
996|959
997|960
998|961
999|962
1000|963
1001|964
1002|965
1003|966
1004|967
1005|968
1006|969
1007|970
1008|971
1009|972
1010|973
1011|974
1012|975
1013|976
1014|977
1015|978
1016|979
1017|980
1018|981
1019|982
1020|983
1021|984
1022|985
1023|986
1024|987
1025|988
1026|989
1027|990
1028|991
1029|992
1030|993
1031|994
1032|995
1033|996
1034|997
1035|998
1036|999
1037|1000
1038|1000
1039|1001
1040|1002
1041|1003
1042|1004
1043|1005
1044|1006
1045|1007
1046|1008
1047|1009
1048|1010
1049|1011
1050|1012
1051|1013
1052|1014
1053|1015
1054|1016
1055|1017
1056|1018
1057|1019
1058|1020
1059|1021
1060|1022
1061|1023
1062|1024
1063|1025
1064|1026
1065|1027
1066|1028
1067|1029
1068|1030
1069|1031
1070|1032
1071|1033
1072|1034
1073|1035
1074|1036
1075|1037
1076|1038
1077|1039
1078|1040
1079|1041
1080|1042
1081|1043
1082|1044
1083|1045
1084|1046
1085|1047
1086|1048
1087|1049
1088|1050
1089|1051
1090|1052
1091|1053
1092|1054
1093|1055
1094|1056
1095|1057
1096|1058
1097|1059
1098|1060
1099|1061
1100|1062
1101|1063
1102|1064
1103|1065
1104|1066
1105|1067
1106|1068
1107|1069
1108|1070
1109|1071
1110|1072
1111|1073
1112|1074
1113|1075
1114|1076
1115|1077
1116|1078
1117|1079
1118|1080
1119|1081
1120|1082
1121|1083
1122|1084
1123|1085
1124|1086
1125|1087
1126|1088
1127|1089
1128|1090
1129|1091
1130|1092
1131|1093
1132|1094
1133|1095
1134|1096
1135|1097
1136|1098
1137|1099
1138|1100
1139|1101
1140|1102
1141|1103
1142|1104
1143|1105
1144|1106
1145|1107
1146|1108
1147|1109
1148|1110
1149|1111
1150|1112
1151|1113
1152|1114
1153|1115
1154|1116
1155|1117
1156|1118
1157|1119
1158|1120
1159|1121
1160|1122
1161|1123
1162|1124
1163|1125
1164|1126
1165|1127
1166|1128
1167|1129
1168|1130
1169|1131
1170|1132
1171|1133
1172|1134
1173|1135
1174|1136
1175|1137
1176|1138
1177|1139
1178|1140
1179|1141
1180|1142
1181|1143
1182|1144
1183|1145
1184|1146
1185|1147
1186|1148
1187|1149
1188|1150
1189|1151
1190|1152
1191|1153
1192|1154
1193|1155
1194|1156
1195|1157
1196|1158
1197|1159
1198|1160
1199|1161
1200|1162
1201|1163
1202|1164
1203|1165
1204|1166
1205|1167
1206|1168
1207|1169
1208|1170
1209|1171
1210|1172
1211|1173
1212|1174
1213|1175
1214|1176
1215|1177
1216|1178
1217|1179
1218|1180
1219|1181
1220|1182
1221|1183
1222|1184
1223|1185
1224|1186
1225|1187
1226|1188
1227|1189
1228|1190
1229|1191
1230|1192
1231|1193
1232|1194
1233|1195
1234|1196
1235|1197
1236|1198
1237|1199
1238|1200
1239|1201
1240|1202
1241|1203
1242|1204
1243|1205
1244|1206
1245|1207
1246|1208
1247|1209
1248|1210
1249|1211
1250|1212
1251|1213
1252|1214
1253|1215
1254|1216
1255|1217
1256|1218
1257|1219
1258|1220
1259|1221
1260|1222
1261|1223
1262|1224
1263|1225
1264|1226
1265|1227
1266|1228
1267|1229
1268|1230
1269|1231
1270|1232
1271|1233
1272|1234
1273|1235
1274|1236
1275|1237
1276|1238
1277|1239
1278|1240
1279|1241
1280|1242
1281|1243
1282|1244
1283|1245
1284|1246
1285|1247
1286|1248
1287|1249
1288|1250
1289|1251
1290|1252
1291|1253
1292|1254
1293|1255
1294|1256
1295|1257
1296|1258
1297|1259
1298|1260
1299|1261
1300|1262
1301|1263
1302|1264
1303|1265
1304|1266
1305|1267
1306|1268
1307|1269
1308|1270
1309|1271
1310|1272
1311|1273
1312|1274
1313|1275
1314|1276
1315|1277
1316|1278
1317|1279
1318|1280
1319|1281
1320|1282
1321|1283
1322|1284
1323|1285
1324|1286
1325|1287
1326|1288
1327|1289
1328|1290
1329|1291
1330|1292
1331|1293
1332|1294
1333|1295
1334|1296
1335|1297
1336|1298
1337|1299
1338|1300
1339|1301
1340|1302
1341|1303
1342|1304
1343|1305
1344|1306
1345|1307
1346|1308
1347|1309
1348|1310
1349|1311
1350|1312
1351|1313
1352|1314
1353|1315
1354|1316
1355|1317
1356|1318
1357|1319
1358|1320
1359|1321
1360|1322
1361|1323
1362|1324
1363|1325
1364|1326
1365|1327
1366|1328
1367|1329
1368|1330
1369|1331
1370|1332
1371|1333
1372|1334
1373|1335
1374|1336
1375|1337
1376|1338
1377|1339
1378|1340
1379|1341
1380|1342
1381|1343
1382|1344
1383|1345
1384|1346
1385|1347
1386|1348
1387|1349
1388|1286
1389|1350
1390|616
1391|1351
1392|1352
1393|23
1394|1353
1395|1354
1396|1355
1397|1356
1398|1357
1399|1358
1400|1359
1401|1360
1402|1361
1403|1362
1404|1363
1405|1364
1406|1365
1407|1366
1408|1367
1409|1368
1410|1369
1411|1370
1412|1371
1413|1372
1414|1373
1415|1374
1416|1375
1417|1376
1418|1377
1419|1378
1420|1379
1421|1380
1422|1381
1423|1382
1424|1383
1425|1384
1426|1385
1427|1386
1428|1387
1429|1389
1430|1390
1431|1391
1432|1392
1433|1392
1434|1392
1435|1392
1436|1392
1437|1393
1438|1393
1439|1394
1440|1395
1441|1396
1442|1397
1443|1398
1444|1399
1445|1400
1446|1401
1447|1402
1448|1403
1449|1404
1450|1405
1451|1406
1452|1407
1453|1408
1454|1409
1455|1410
1456|1411
1457|1412
1458|1413
1459|1414
1460|1415
1461|1416
1462|1417
1463|1418
1464|1419
1465|1420
1466|1421
1467|1422
1468|1423
1469|1424
1470|1425
1471|1426
1472|1427
1473|1428
1474|1429
1475|1430
1476|1431
1477|1432
1478|1433
1479|1434
1480|1435
1481|1436
1482|1437
1483|1438
1484|1439
1485|1440
1486|1441
1487|1442
1488|1443
1489|1444
1490|1445
1491|1446
1492|1447
1493|1448
1494|1449
1495|1450
1496|1451
1497|1452
1498|1453
1499|1454
1500|1455
1501|1456
1502|1457
1503|1458
1504|1459
1505|1460
1506|1461
1507|1462
1508|1463
1509|1464
1510|1465
1511|1466
1512|1467
1513|1468
1514|1469
1515|1470
1516|1471
1517|1472
1518|1473
1519|1474
1520|1475
1521|1476
1522|1477
1523|1478
1524|1479
1525|1480
1526|1481
1527|1482
1528|1483
1529|1484
1530|1485
1531|1486
1532|1487
1533|1488
1534|1489
1535|1490
1536|1491
1537|1492
1538|1493
1539|1494
1540|1495
1541|1496
1542|1497
1543|1498
1544|1499
1545|1500
1546|1501
1547|1502
1548|1503
1549|1504
1550|1505
1551|1506
1552|1496
1553|1508
1554|1509
1555|1510
1556|1511
1557|1512
1558|1513
1559|1514
1560|1515
1561|1516
1562|1517
1563|1518
1564|1519
1565|1520
1566|1521
1567|1522
1568|1523
1569|1524
1570|1525
1571|1526
1572|1527
1573|1528
1574|1529
1575|1530
1576|1531
1577|1532
1578|1533
1579|1534
1580|1535
1581|1536
1582|1537
1583|1538
1584|1539
1585|1540
1586|1541
1587|1542
1588|1543
1589|1544
1590|1545
1591|1546
1592|1547
1593|1548
1594|1549
1595|1550
1596|1551
1597|1552
1598|1553
1599|1554
1600|1555
1601|1556
1602|1557
1603|1558
1604|1559
1605|1560
1606|1561
1607|1562
1608|1563
1609|1564
1610|1565
1611|1566
1612|1567
1613|1568
1614|1569
1615|1570
1616|1571
1617|1572
1618|1573
1619|1574
1620|1575
1621|1576
1622|1577
1623|1578
1624|1579
1625|1580
1626|1581
1627|1582
1628|1583
1629|1584
1630|1585
1631|1586
1632|1587
1633|1588
1634|1589
1635|1590
1636|1591
1637|1592
1638|1593
1639|1594
1640|1595
1641|1596
1642|1597
1643|1598
1644|1599
1645|1600
1646|1601
1647|1602
1648|1603
1649|1604
1650|1605
1651|1606
1652|1607
1653|1608
1654|1609
1655|1610
1656|1611
1657|1612
1658|1613
1659|1614
1660|1615
1661|1616
1662|1617
1663|1618
1664|1619
1665|1620
1666|1621
1667|1622
1668|1623
1669|1624
1670|1625
1671|1626
1672|1627
1673|1628
1674|1629
1675|1630
1676|1631
1677|1632
1678|1633
1679|1634
1680|1635
1681|1636
1682|1637
1683|1638
1684|1639
1685|1640
1686|1641
1687|1642
1688|1643
1689|1644
1690|1645
1691|1646
1692|1647
1693|1648
1694|1649
1695|1650
1696|1651
1697|1652
1698|1653
1699|1654
1700|1655
1701|1656
1702|1657
1703|1658
1704|1659
1705|1660
1706|1661
1707|1662
1708|1663
1709|1664
1710|1665
1711|1666
1712|1667
1713|1668
1714|1669
1715|1670
1716|1671
1717|1672
1718|1673
1719|1674
1720|1675
1721|1676
1722|1677
1723|1678
1724|1679
1725|1680
1726|1681
1727|1682
1728|1683
1729|1684
1730|1685
1731|1686
1732|1687
1733|1688
1734|1689
1735|1690
1736|1691
1737|1692
1738|1693
1739|1694
1740|1695
1741|1696
1742|1697
1743|1698
1744|1699
1745|1700
1746|1701
1747|1702
1748|1703
1749|1704
1750|1705
1751|1706
1752|1707
1753|1708
1754|1709
1755|1710
1756|1711
1757|1712
1758|1713
1759|1714
1760|1715
1761|1716
1762|1717
1763|1718
1764|1719
1765|1720
1766|1721
1767|1722
1768|1723
1769|1724
1770|1725
1771|1726
1772|1727
1773|1728
1774|1729
1775|1730
1776|1731
1777|1732
1778|1733
1779|1734
1780|1735
1781|1736
1782|1737
1783|1738
1784|1739
1785|1740
1786|1741
1787|1742
1788|1743
1789|1744
1790|1745
1791|1746
1792|1747
1793|1748
1794|1749
1795|1750
1796|1751
1797|1752
1798|1753
1799|1754
1800|1755
1801|1756
1802|1757
1803|1758
1804|1759
1805|1760
1806|1761
1807|1762
1808|1763
1809|1764
1810|1765
1811|1766
1812|1767
1813|1768
1814|1769
1815|1770
1816|1771
1817|1772
1818|1773
1819|1774
1820|1775
1821|1776
1822|1777
1823|1778
1824|1779
1825|1780
1826|1781
1827|1782
1828|1783
1829|1784
1830|1785
1831|1786
1832|713
1833|1375
1834|1787
1835|1788
1836|1789
1837|1790
1838|1791
1839|1792
1840|1793
1841|1794
1842|1795
1843|1796
1844|1797
1845|1798
1846|1799
1847|1800
1848|1801
1849|1802
1850|1803
1851|1804
1852|1805
1853|1806
1854|1807
1855|1808
1856|1809
1857|1810
1858|1811
1859|1812
1860|1813
1861|1814
1862|1815
1863|1816
1864|1817
1865|1818
1866|1819
1867|1820
1868|1821
1869|1822
1870|1823
1871|1824
1872|1825
1873|1826
1874|1827
1875|1828
1876|1829
1877|1830
1878|1831
1879|1832
1880|1833
1881|1834
1882|1835
1883|1836
1884|1837
1885|1838
1886|1839
1887|1840
1888|1841
1889|1842
1890|1843
1891|1844
1892|1845
1893|1846
1894|1847
1895|1848
1896|1849
1897|1850
1898|1851
1899|1852
1900|1853
1901|1854
1902|1855
1903|1856
1904|1857
1905|1858
1906|1859
1907|1860
1908|1861
1909|1862
1910|1863
1911|1864
1912|1865
1913|1866
1914|1867
1915|1868
1916|1869
1917|1870
1918|1871
1919|1872
1920|1873
1921|1874
1922|1875
1923|1876
1924|1877
1925|1878
1926|1879
1927|1880
1928|1881
1929|1882
1930|1883
1931|1884
1932|1885
1933|1886
1934|1887
1935|1888
1936|1889
1937|1890
1938|1891
1939|1892
1940|1893
1941|1894
1942|1895
1943|1896
1944|1897
1945|1898
1946|1899
1947|1900
1948|1901
1949|1902
1950|1903
1951|1904
1952|1905
1953|1906
1954|1907
1955|1908
1956|1909
1957|1910
1958|1911
1959|1912
1960|1913
1961|1914
1962|1915
1963|1916
1964|1917
1965|1918
1966|1919
1967|1920
1968|1921
1969|1922
1970|1923
1971|1924
1972|1925
1973|1926
1974|1927
1975|1928
1976|1929
1977|1930
1978|1931
1979|1932
1980|1933
1981|1934
1982|1935
1983|1936
1984|1937
1985|1938
1986|1939
1987|1940
1988|1941
1989|1942
1990|1943
1991|1944
1992|1945
1993|1946
1994|1947
1995|1948
1996|1949
1997|1950
1998|1951
1999|1952
2000|1953
2001|1954
2002|1955
2003|1956
2004|1957
2005|1958
2006|1959
2007|1960
2008|1961
2009|1962
2010|1963
2011|1964
2012|1965
2013|1966
2014|1967
2015|1968
2016|1969
2017|1970
2018|1971
2019|1972
2020|1973
2021|1974
2022|1975
2023|1976
2024|11
2025|1977
2026|1978
2027|1979
2028|1980
2029|1981
2030|1982
2031|1983
2032|1984
2033|1985
2034|1986
2035|567
2036|1987
2037|1988
2038|1989
2039|1990
2040|1991
2041|1992
2042|1993
2043|1994
2044|1995
2045|1996
2046|1997
2047|1998
2048|1999
2049|2000
2050|2001
2051|2002
2052|2003
2053|2004
2054|2005
2055|2006
2056|2007
2057|2008
2058|2009
2059|2010
2060|2011
2061|2012
2062|2013
2063|2014
2064|2015
2065|2016
2066|2017
2067|2018
2068|2019
2069|2020
2070|2021
2071|2022
2072|2023
2073|2024
2074|2025
2075|2026
2076|2027
2077|2028
2078|2029
2079|2030
2080|2031
2081|2032
2082|2033
2083|2034
2084|2035
2085|2036
2086|2037
2087|2038
2088|2039
2089|2040
2090|2041
2091|2042
2092|2043
2093|2044
2094|2045
2095|2046
2096|2047
2097|2048
2098|2049
2099|2050
2100|2051
2101|2052
2102|2053
2103|2054
2104|2055
2105|2056
2106|2057
2107|2058
2108|2059
2109|2060
2110|2061
2111|2062
2112|2063
2113|2064
2114|2065
2115|2066
2116|2067
2117|2068
2118|2069
2119|2070
2120|2071
2121|2072
2122|2073
2123|2074
2124|2075
2125|2076
2126|2077
2127|2078
2128|2079
2129|2080
2130|2081
2131|2082
2132|2083
2133|2084
2134|2085
2135|2086
2136|2087
2137|2088
2138|2089
