1|1|1
2|2|2
3|2|2
4|2|2
5|2|2
6|3|3
7|4|4
8|5|5
9|5|5
10|6|6
11|6|6
12|7|7
13|7|7
14|8|8
15|9|9
17|10|10
18|11|11
19|12|12
22|14|14
23|15|15
24|16|16
26|17|17
27|18|18
28|19|19
29|20|20
30|21|21
31|22|22
32|23|23
34|25|24
35|26|25
36|27|26
37|28|27
38|29|28
40|16|16
41|23|23
42|24|29
43|25|24
44|30|30
45|31|31
46|32|32
47|33|33
48|34|34
49|35|35
50|36|36
51|37|37
52|38|38
53|39|39
54|13|13
55|16|16
59|13|13
60|40|40
61|1|1
62|4|4
63|4|4
64|41|41
65|42|42
67|448|449
69|448|449
70|448|449
71|448|449
72|448|449
73|448|449
74|448|449
75|448|449
76|448|449
77|448|449
78|448|449
80|448|449
81|448|449
82|448|449
83|448|449
84|448|449
85|448|449
86|448|449
87|448|449
88|448|449
89|448|449
90|448|449
91|448|449
92|448|449
93|448|449
94|448|449
95|448|449
96|448|449
97|448|449
98|448|449
99|448|449
100|448|449
101|448|449
102|448|449
103|448|449
104|448|449
105|448|449
106|448|449
107|448|449
108|448|449
109|448|449
110|448|449
111|448|449
112|3|3
113|3|3
114|448|449
115|448|449
116|448|449
117|448|449
118|448|449
119|448|449
120|448|449
121|448|449
122|448|449
123|448|449
124|448|449
125|448|449
126|448|449
127|448|449
128|448|449
129|448|449
130|448|449
131|448|449
132|448|449
133|448|449
134|448|449
135|448|449
136|448|449
137|448|449
138|448|449
139|448|449
140|448|449
141|448|449
142|448|449
143|448|449
144|448|449
145|448|449
146|448|449
147|448|449
148|448|449
149|448|449
150|448|449
151|448|449
152|448|449
153|448|449
154|448|449
156|448|449
157|448|449
158|448|449
159|448|449
160|448|449
161|448|449
162|448|449
163|448|449
164|448|449
165|448|449
168|448|449
169|448|449
170|448|449
171|448|449
172|7|7
173|448|449
174|448|449
175|448|449
176|448|449
177|448|449
178|448|449
179|448|449
181|448|449
182|448|449
183|448|449
184|448|449
185|448|449
186|448|449
187|448|449
188|448|449
189|448|449
190|448|449
191|18|18
192|448|449
193|151|151
194|448|449
195|448|449
196|448|449
197|448|449
198|156|156
199|448|449
200|448|449
201|448|449
202|448|449
203|448|449
204|448|449
205|448|449
206|448|449
207|448|449
208|448|449
209|448|449
210|448|449
211|448|449
212|448|449
213|448|449
214|169|169
215|170|170
216|448|449
217|448|449
218|448|449
219|448|449
220|448|449
221|173|173
222|448|449
223|448|449
224|448|449
225|448|449
226|448|449
227|448|449
228|448|449
229|448|449
230|448|449
231|448|449
232|448|449
233|448|449
234|448|449
235|448|449
236|448|449
237|448|449
239|187|187
240|448|449
241|448|449
242|187|187
243|448|449
244|448|449
245|448|449
246|448|449
247|448|449
248|448|449
249|448|449
250|448|449
251|448|449
252|448|449
253|448|449
254|448|449
255|448|449
256|448|449
257|448|449
258|448|449
259|448|449
260|448|449
261|448|449
262|448|449
263|448|449
264|448|449
265|448|449
266|448|449
268|448|449
269|448|449
270|448|449
271|448|449
272|448|449
273|448|449
274|448|449
275|196|197
276|448|449
277|448|449
278|448|449
279|448|449
280|448|449
281|448|449
282|448|449
283|448|449
284|448|449
285|448|449
286|448|449
287|448|449
288|448|449
289|448|449
290|448|449
291|448|449
292|448|449
293|448|449
294|448|449
295|448|449
296|448|449
297|448|449
298|448|449
299|448|449
300|448|449
301|448|449
302|448|449
303|448|449
304|448|449
305|448|449
306|448|449
307|448|449
308|448|449
309|448|449
310|448|449
311|448|449
312|448|449
313|448|449
314|448|449
315|448|449
316|448|449
317|448|449
318|448|449
319|448|449
320|448|449
321|448|449
322|448|449
323|448|449
324|448|449
325|448|449
326|448|449
327|448|449
328|448|449
329|448|449
330|448|449
331|448|449
332|448|449
333|448|449
334|448|449
335|448|449
336|448|449
337|448|449
338|448|449
339|448|449
340|448|449
341|231|232
342|232|233
343|233|234
344|448|449
345|448|449
346|448|449
347|448|449
348|235|236
349|236|237
350|237|238
351|238|239
352|37|37
353|239|240
354|240|241
355|241|242
356|242|243
357|243|244
358|244|245
359|245|246
360|448|449
361|448|449
362|448|449
363|448|449
365|448|449
366|251|252
367|252|253
368|253|254
369|254|255
370|255|256
371|256|257
372|257|258
374|259|260
375|260|261
376|261|262
377|262|263
378|263|264
379|264|265
380|448|449
381|266|267
382|267|268
383|268|269
385|269|270
386|270|271
387|271|272
388|272|273
389|273|274
390|274|275
391|275|276
392|276|277
393|277|278
394|278|279
395|279|280
396|280|281
399|283|284
400|284|285
401|285|286
402|286|287
403|287|288
404|288|289
405|289|290
406|290|291
407|291|292
408|292|293
409|293|294
410|294|295
411|295|296
412|296|297
413|297|298
414|298|299
415|299|300
416|300|301
417|301|302
418|302|303
419|303|304
420|304|305
421|305|306
422|306|307
423|307|308
424|308|309
425|309|310
426|310|311
427|311|312
428|312|313
429|313|314
430|314|315
431|315|316
432|316|317
433|317|318
434|318|319
435|319|320
436|235|236
437|320|321
438|321|322
439|322|323
440|448|449
441|448|449
442|448|449
443|448|449
444|448|449
445|326|327
446|327|328
447|328|329
448|329|330
449|330|331
450|331|332
451|332|333
452|333|334
453|334|335
454|335|336
455|336|337
456|337|338
457|338|339
458|339|340
460|341|342
461|342|343
462|343|344
463|344|345
464|345|346
465|346|347
466|347|348
467|348|349
469|350|351
470|351|352
471|352|353
472|353|354
473|354|355
474|355|356
475|356|357
476|357|358
477|358|359
478|359|360
479|360|361
480|361|362
481|362|363
482|363|364
483|364|365
485|350|351
486|365|366
487|366|367
488|354|355
489|367|368
490|448|449
491|368|369
492|369|370
493|370|371
494|371|372
495|372|373
496|373|374
497|374|375
498|375|376
499|376|377
500|377|378
501|378|379
502|448|449
503|448|449
504|448|449
505|448|449
506|448|449
507|448|449
508|448|449
509|448|449
510|448|449
511|382|383
512|383|384
513|384|385
514|385|386
515|386|387
517|354|355
519|388|389
520|389|390
521|390|391
522|258|259
523|391|392
524|392|393
525|393|394
526|448|449
527|448|449
528|448|449
529|448|449
530|448|449
531|448|449
532|398|399
533|448|449
534|448|449
535|448|449
536|448|449
537|448|449
538|448|449
539|448|449
540|404|405
541|448|449
542|405|406
543|448|449
544|406|407
545|407|408
546|448|449
547|448|449
548|448|449
549|448|449
550|448|449
551|448|449
552|448|449
553|448|449
554|448|449
555|414|415
556|448|449
557|448|449
558|448|449
559|448|449
560|448|449
561|448|449
562|448|449
563|448|449
564|448|449
565|448|449
566|448|449
567|448|449
569|448|449
570|448|449
571|448|449
572|448|449
573|448|449
574|206|207
575|448|449
576|448|449
577|448|449
578|448|449
580|448|449
581|448|449
582|448|449
583|448|449
584|448|449
585|448|449
586|448|449
587|435|436
588|448|449
590|448|449
591|448|449
592|448|449
593|448|449
594|448|449
595|448|449
596|448|449
597|448|449
598|448|449
599|448|449
600|448|449
601|448|449
602|448|449
603|448|449
604|449|450
605|354|355
606|450|451
607|451|452
608|452|453
609|453|454
610|454|455
611|455|456
612|456|457
614|458|459
615|459|460
616|460|461
617|461|462
618|454|455
619|462|463
620|463|464
621|464|465
622|465|466
623|466|467
624|467|468
625|468|469
626|469|470
627|470|471
628|471|472
629|472|473
630|472|473
631|473|474
632|474|475
633|462|463
634|476|477
635|478|479
637|479|480
638|480|481
639|481|482
641|482|483
642|173|173
643|483|484
644|484|485
645|454|455
646|455|456
647|456|457
649|485|487
650|471|472
651|479|480
652|489|491
653|490|492
654|464|465
655|464|465
656|491|493
658|489|491
660|493|495
661|494|496
662|495|497
663|496|498
664|497|499
665|498|500
666|499|501
667|500|502
668|501|503
669|471|472
670|501|503
671|502|504
672|503|505
673|21|21
674|501|503
675|504|506
676|504|506
677|504|506
678|504|506
680|505|507
681|504|506
682|506|508
683|507|509
684|508|510
685|509|511
686|509|511
687|509|511
688|510|512
689|510|512
690|511|513
691|512|514
692|187|187
693|513|515
694|464|465
695|514|516
696|501|503
697|501|503
698|464|465
699|462|463
700|515|517
701|489|491
702|471|472
703|513|515
704|516|518
705|517|519
706|517|519
707|516|518
708|468|469
709|21|21
710|471|472
711|473|474
712|518|520
713|517|519
714|519|521
715|520|522
716|521|523
717|522|524
718|486|488
719|523|525
720|486|488
721|524|526
722|486|488
723|471|472
724|486|488
725|486|488
726|525|527
727|526|528
728|486|488
729|527|529
730|501|503
731|486|488
732|528|530
733|529|531
734|528|530
735|486|488
736|513|515
737|530|532
738|531|533
739|486|488
740|532|534
741|483|484
742|486|488
743|486|488
744|533|535
746|533|535
747|534|536
748|499|501
749|535|537
750|536|538
752|537|539
753|486|488
754|538|540
755|539|541
756|501|503
757|491|493
758|495|497
759|493|495
760|500|502
761|506|508
762|490|492
763|520|522
764|540|542
765|505|507
766|533|535
767|25|24
768|464|465
769|501|503
770|536|538
771|475|476
772|541|543
773|542|544
774|464|465
775|543|545
776|544|546
777|486|488
778|544|546
779|471|472
780|545|547
781|546|548
782|547|549
783|486|488
784|486|488
785|25|24
786|548|550
787|486|488
788|549|551
789|550|552
790|551|553
791|552|554
792|553|555
793|519|521
794|532|534
795|554|556
796|486|488
797|533|535
798|556|558
799|187|187
800|557|559
801|558|560
802|559|561
803|486|488
804|486|488
805|560|562
806|561|563
807|471|472
808|536|538
809|562|564
810|563|565
811|478|479
812|564|566
813|520|522
814|539|541
815|513|515
816|502|504
818|566|568
819|565|567
820|509|511
821|567|569
822|568|570
823|569|571
824|570|572
825|571|573
826|572|574
827|573|575
828|574|576
829|575|577
830|576|578
831|577|579
832|578|580
833|542|544
834|542|544
835|579|581
836|580|582
837|536|538
839|581|583
840|476|477
841|582|584
842|533|535
843|536|538
844|583|585
845|584|586
846|468|469
847|187|187
848|585|587
849|586|588
850|587|589
851|588|590
852|589|591
853|576|578
855|590|592
856|591|593
857|592|594
858|593|595
859|594|596
860|595|597
861|596|598
862|597|599
863|496|498
864|187|187
865|598|600
866|599|601
867|462|463
868|462|463
869|462|463
870|462|463
871|559|561
873|475|476
874|601|602
875|476|477
876|600|603
877|602|604
878|603|605
879|604|606
880|605|607
881|464|465
882|464|465
883|599|601
884|606|608
885|480|481
886|607|609
887|608|610
888|549|551
889|540|542
890|563|565
891|518|520
892|609|611
893|610|612
894|611|613
895|475|476
896|475|476
897|612|614
898|612|614
899|464|465
900|613|615
901|613|615
902|614|616
903|462|463
904|462|463
905|615|617
906|462|463
907|475|476
908|475|476
909|491|493
910|462|463
911|616|618
912|617|619
914|462|463
915|462|463
916|618|620
917|619|621
918|614|616
919|620|622
920|621|623
921|620|622
922|471|472
923|536|538
924|622|624
925|506|508
926|558|560
927|587|589
928|519|521
929|595|597
930|611|613
931|464|465
933|595|597
934|601|602
935|623|625
936|624|626
937|625|627
938|626|628
939|627|629
940|628|630
941|629|631
942|630|632
943|630|632
944|601|602
945|631|633
946|632|634
947|601|602
948|633|635
949|634|636
951|636|638
952|637|639
953|635|637
954|580|582
955|611|613
956|611|613
957|638|640
958|639|641
959|561|563
960|552|554
961|640|642
962|641|643
963|642|644
964|643|645
965|554|556
966|644|646
967|642|644
968|645|647
969|615|617
970|646|648
971|647|649
972|648|650
973|649|651
974|615|617
975|650|652
976|634|636
977|501|503
978|651|653
979|652|654
980|653|655
981|532|534
982|654|656
983|655|657
984|655|657
985|641|643
986|523|525
987|549|551
988|656|658
989|597|599
990|657|659
991|658|660
992|659|661
993|620|622
994|660|662
995|661|663
996|661|663
997|613|615
998|613|615
999|662|664
1000|480|481
1002|615|617
1003|496|498
1004|663|665
1005|664|666
1006|665|667
1007|611|613
1008|666|668
1009|486|488
1010|631|633
1011|667|669
1012|534|536
1013|668|670
1014|658|660
1015|611|613
1016|669|671
1017|532|534
1018|601|602
1019|600|603
1020|638|640
1021|670|672
1022|585|587
1023|638|640
1024|480|481
1025|480|481
1026|671|673
1027|471|472
1028|462|463
1029|1|1
1030|1|1
1031|672|674
1032|660|662
1033|660|662
1034|519|521
1035|615|617
1036|673|675
1037|674|676
1038|674|676
1039|627|629
1040|675|677
1041|676|678
1042|677|679
1043|678|680
1044|679|681
1045|680|682
1046|681|683
1047|454|455
1048|682|684
1049|620|622
1050|187|187
1051|683|685
1052|684|686
1053|685|687
1054|686|688
1055|471|472
1056|506|508
1057|611|613
1058|687|689
1059|688|690
1060|689|691
1061|690|692
1063|692|694
1065|694|696
1066|500|697
1067|695|698
1068|696|699
1069|697|700
1070|698|701
1071|699|702
1072|691|693
1073|700|703
1074|701|704
1075|702|705
1076|703|706
1077|704|707
1078|705|708
1079|706|709
1080|707|710
1081|708|711
1082|709|712
1083|710|713
1084|711|714
1085|712|715
1086|713|716
1087|714|717
1088|715|718
1089|716|719
1090|717|720
1091|718|721
1092|719|722
1093|720|723
1094|721|724
1095|722|725
1096|723|726
1097|724|727
1098|725|728
1099|726|729
1100|727|730
1101|728|731
1102|729|732
1103|730|733
1104|731|734
1105|732|735
1106|733|736
1107|734|737
1108|735|738
1109|736|739
1110|737|740
1112|739|742
1113|740|743
1114|741|744
1115|742|745
1116|743|746
1117|744|747
1118|745|748
1119|746|749
1120|747|750
1121|748|751
1122|749|752
1123|750|753
1124|751|754
1125|752|755
1126|753|756
1127|754|757
1128|755|758
1129|616|759
1130|756|760
1131|757|761
1132|462|762
1133|758|763
1134|759|764
1135|760|765
1136|761|766
1137|762|767
1138|763|768
1139|764|769
1140|557|559
1141|615|617
1142|765|770
1143|738|741
1144|509|511
1147|486|488
1148|693|695
1149|766|771
1150|767|772
1151|768|773
1152|769|774
1153|534|536
1154|770|775
1155|771|776
1156|772|777
1157|471|472
1159|773|778
1160|685|687
1161|774|779
1162|532|534
1163|480|481
1164|480|481
1167|486|488
1169|775|780
1170|776|781
1171|684|782
1172|777|783
1173|616|784
1174|707|785
1175|778|786
1176|779|787
1177|780|788
1178|781|789
1179|782|790
1180|783|791
1181|784|792
1182|715|793
1183|785|794
1184|727|795
1185|786|796
1186|787|797
1187|788|798
1188|789|799
1189|18|800
1190|655|801
1191|790|802
1193|750|753
1194|792|804
1195|793|805
1196|742|745
1197|794|806
1198|688|807
1199|708|808
1200|795|809
1201|796|810
1202|797|811
1203|689|812
1204|748|813
1205|799|814
1206|615|815
1207|747|816
1208|735|817
1209|800|818
1210|801|819
1211|802|820
1212|483|821
1213|803|822
1214|804|823
1215|805|824
1216|806|825
1217|807|826
1218|673|675
1219|611|613
1220|808|828
1221|809|829
1222|810|830
1223|710|831
1224|517|832
1225|600|833
1226|811|834
1227|812|835
1228|724|836
1229|732|837
1230|813|838
1231|814|839
1232|773|840
1233|815|841
1234|37|842
1235|816|843
1236|714|844
1237|817|845
1238|818|846
1239|819|847
1240|778|848
1241|820|849
1242|821|850
1243|709|851
1244|753|852
1245|698|853
1247|733|855
1248|822|854
1249|823|856
1250|758|857
1251|824|858
1252|713|859
1253|716|860
1254|826|862
1255|825|861
1256|677|679
1257|740|743
1258|462|762
1260|755|758
1261|691|693
1262|728|731
1263|787|797
1264|687|689
1266|728|863
1267|827|864
1268|828|865
1269|829|866
1270|737|740
1271|830|867
1272|831|868
1273|832|869
1274|833|870
1275|675|677
1276|832|869
1277|509|511
1278|834|871
1279|835|872
1283|486|488
1284|601|602
1285|832|869
1286|631|633
1287|519|521
1288|615|815
1289|836|873
1290|638|640
1291|835|872
1292|835|872
1293|837|874
1294|480|481
1295|838|875
1296|839|876
1297|840|877
1298|841|878
1299|842|879
1300|843|880
1301|638|640
1302|844|881
1303|844|881
1304|845|882
1305|846|883
1307|848|885
1308|849|886
1309|850|887
1310|851|888
1311|852|889
1312|853|890
1314|567|569
1315|575|577
1316|854|891
1318|572|574
1319|847|884
1320|565|567
1321|486|488
1322|856|893
1323|857|894
1326|858|895
1327|859|896
1328|860|897
1329|861|898
1330|573|575
1331|862|899
1332|863|900
1333|861|898
1334|486|488
1335|537|539
1336|615|815
1337|864|901
1338|850|887
1339|537|539
1340|861|898
1341|471|472
1342|865|902
1343|865|902
1344|866|903
1345|529|531
1346|686|688
1347|867|904
1348|867|904
1349|580|582
1350|850|887
1351|833|870
1352|868|905
1353|868|905
1354|869|906
1355|869|906
1356|614|616
1358|660|662
1359|660|662
1360|870|907
1361|871|908
1362|480|481
1363|565|567
1365|568|570
1366|572|574
1367|573|575
1368|575|577
1369|854|891
1370|857|894
1371|872|909
1372|866|903
1373|866|903
1374|867|904
1375|615|815
1376|638|640
1377|486|488
1378|873|910
1380|305|306
1381|638|640
1382|850|887
1383|596|598
1384|870|907
1385|874|911
1386|875|912
1387|876|913
1388|850|887
1389|850|887
1390|877|914
1391|878|915
1392|879|916
1393|669|671
1394|531|533
1395|839|876
1396|880|917
1398|882|919
1399|883|920
1401|187|187
1402|861|898
1403|884|921
1404|454|455
1405|866|903
1406|486|488
1407|187|187
1408|861|898
1410|885|922
1411|886|923
1412|615|815
1413|609|611
1414|580|582
1415|638|640
1416|552|554
1417|661|663
1418|661|663
1419|615|815
1420|887|924
1421|888|925
1422|889|926
1423|890|927
1424|859|896
1425|685|687
1426|882|919
1427|883|920
1428|851|888
1429|891|928
1430|892|929
1431|648|650
1432|893|930
1433|894|931
1434|895|932
1435|519|521
1436|880|917
1437|896|933
1438|897|934
1440|531|533
1441|531|533
1442|898|935
1443|899|936
1444|615|815
1445|685|687
1446|875|912
1447|867|904
1448|888|925
1449|836|873
1451|836|873
1452|836|873
1453|773|840
1454|900|937
1455|519|521
1456|901|938
1457|902|939
1458|638|640
1459|582|584
1460|901|938
1461|660|662
1462|903|940
1463|888|925
1464|601|602
1465|462|762
1466|901|938
1467|904|941
1468|886|923
1469|905|942
1470|906|943
1471|907|944
1472|908|945
1473|909|946
1474|910|947
1475|911|948
1476|912|949
1477|602|604
1478|913|950
1479|914|951
1480|915|952
1481|916|953
1482|917|954
1483|883|920
1484|918|955
1485|919|956
1486|920|957
1487|658|660
1488|921|958
1489|922|959
1490|658|660
1491|893|930
1492|923|960
1493|924|961
1494|925|962
1495|926|963
1496|886|923
1497|927|964
1498|886|923
1499|928|965
1500|892|929
1501|886|923
1502|929|966
1503|930|967
1504|597|599
1505|615|815
1506|868|905
1507|884|921
1508|931|968
1509|841|878
1510|888|925
1511|883|920
1512|532|534
1513|532|534
1514|532|534
1515|532|534
1516|532|534
1517|532|534
1518|932|969
1519|926|963
1520|868|905
1521|933|970
1522|486|488
1523|851|888
1524|841|878
1525|842|879
1526|853|890
1527|934|971
1528|935|972
1529|936|973
1530|937|974
1531|486|488
1532|938|975
1533|655|801
1534|939|976
1535|940|977
1536|941|978
1537|942|979
1538|943|980
1539|944|981
1540|187|187
1541|945|982
1543|947|984
1544|948|985
1545|949|986
1546|950|987
1547|615|815
1549|951|988
1550|922|959
1551|922|959
1552|585|587
1553|674|676
1554|689|812
1555|953|990
1557|954|991
1558|954|991
1559|955|992
1560|956|993
1562|486|488
1564|957|994
1565|486|488
1566|883|920
1567|958|995
1568|959|996
1569|486|488
1570|960|997
1571|864|901
1572|961|998
1573|962|999
1574|963|1000
1575|964|1001
1576|965|1002
1577|912|949
1578|486|488
1579|966|1003
1580|961|998
1581|583|585
1582|583|585
1583|967|1004
1584|968|1005
1585|969|1006
1586|970|1007
1587|962|999
1588|971|1008
1590|972|1009
1591|868|905
1592|868|905
1593|972|1009
1595|951|988
1596|967|1004
1597|470|471
1599|974|1011
1601|976|1013
1602|977|1014
1603|972|1009
1605|967|1004
1606|1000|1038
1607|615|815
1608|875|912
1609|864|901
1610|978|1015
1611|978|1015
1612|927|964
1613|947|984
1615|871|908
1616|871|908
1617|470|471
1618|486|488
1619|519|521
1620|979|1016
1621|979|1016
1622|980|1017
1623|980|1017
1624|802|820
1625|967|1004
1626|981|1018
1629|849|886
1630|984|1021
1631|983|1020
1632|962|999
1635|842|879
1637|842|879
1638|842|879
1639|638|640
1640|963|1000
1642|938|975
1643|486|488
1644|671|673
1645|768|773
1646|876|913
1647|876|913
1648|947|984
1649|668|670
1650|883|920
1651|986|1023
1652|987|1024
1653|988|1025
1654|486|488
1655|557|559
1656|557|559
1657|865|902
1658|865|902
1659|615|815
1660|877|914
1661|967|1004
1662|532|534
1663|672|674
1664|989|1026
1665|990|1027
1666|991|1028
1667|565|567
1668|992|1029
1669|857|894
1670|993|1030
1671|638|640
1672|575|577
1673|994|1031
1674|663|665
1675|832|869
1676|972|1009
1677|856|893
1678|995|1032
1679|996|1033
1680|565|567
1681|997|1034
1682|967|1004
1683|998|1035
1684|999|1036
1685|1000|1037
1686|1001|1039
1687|617|619
1688|1000|1038
1689|972|1009
1690|988|1025
1691|972|1009
1692|972|1009
1693|470|471
1694|961|998
1695|1002|1040
1696|1002|1040
1697|1001|1039
1698|1000|1038
1699|1000|1038
1700|631|633
1701|983|1020
1702|959|996
1703|638|640
1704|889|926
1705|972|1009
1706|1003|1041
1707|1004|1042
1708|832|869
1709|991|1028
1710|972|1009
1711|1005|1043
1712|972|1009
1713|1003|1041
1715|1000|1038
1716|1000|1038
1717|1006|1044
1718|994|1031
1719|658|660
1720|1003|1041
1722|1007|1045
1723|1007|1045
1724|1007|1045
1725|1003|1041
1726|565|567
1728|660|662
1729|1000|1038
1730|1008|1046
1731|972|1009
1732|1002|1040
1733|1002|1040
1734|1003|1041
1735|1009|1047
1736|1001|1039
1738|867|904
1745|660|662
1746|660|662
1747|1010|1048
1749|1003|1041
1750|972|1009
1751|1011|1049
1752|1000|1038
1753|922|959
1754|989|1026
1755|1000|1038
1756|972|1009
1758|1012|1050
1759|638|640
1760|1013|1051
1761|674|676
1762|1014|1052
1764|680|682
1765|1004|1042
1766|972|1009
1768|1016|1054
1769|1016|1054
1771|1017|1055
1773|1000|1038
1775|673|675
1776|660|662
1777|1012|1050
1778|986|1023
1779|986|1023
1780|1000|1038
1781|483|821
1782|972|1009
1783|832|869
1785|832|869
1786|1018|1056
1787|1019|1057
1789|675|677
1790|673|675
1792|673|675
1793|660|662
1794|660|662
1795|1020|1058
1796|1021|1059
1797|991|1028
1798|1012|1050
1799|660|662
1800|921|958
1801|1022|1060
1802|1022|1060
1803|991|1028
1805|972|1009
1806|1000|1038
1809|631|633
1810|1023|1061
1811|491|493
1812|1010|1048
1813|1024|1062
1814|671|673
1815|987|1024
1816|972|1009
1819|1000|1038
1820|972|1009
1821|1000|1038
1822|1025|1063
1823|1025|1063
1824|1026|1064
1825|991|1028
1826|491|493
1827|638|640
1828|972|1009
1829|1012|1050
1830|1027|1065
1831|1028|1066
1832|1029|1067
1833|972|1009
1834|187|187
1835|187|187
1836|187|187
1837|972|1009
1841|990|1027
1842|990|1027
1843|990|1027
1847|1000|1038
1849|1032|1070
1850|1033|1071
1851|1034|1072
1852|716|860
1854|1035|1073
1855|1033|1071
1856|1032|1070
1857|1036|1074
1858|1037|1075
1859|18|800
1860|1038|1076
1861|1039|1077
1862|1040|1078
1863|1021|1059
1864|638|640
1866|1041|1079
1867|1042|1080
1868|1043|1081
1869|1043|1081
1870|1044|1082
1871|18|800
1872|1031|1069
1873|1045|1083
1874|1046|1084
1875|1038|1076
1876|1027|1065
1877|972|1009
1878|534|536
1879|1047|1085
1880|1048|1086
1881|1049|1087
1882|1050|1088
1883|972|1009
1884|972|1009
1885|534|536
1886|1027|1065
1887|1051|1089
1888|972|1009
1889|858|895
1890|686|688
1891|1052|1090
1892|1052|1090
1893|654|656
1894|654|656
1895|972|1009
1896|1053|1091
1897|1027|1065
1898|1054|1092
1899|972|1009
1900|1027|1065
1901|1055|1093
1902|1056|1094
1903|1027|1065
1904|1057|1095
1905|1010|1048
1906|972|1009
1907|658|660
1908|972|1009
1909|972|1009
1910|972|1009
1911|1058|1096
1912|532|534
1913|532|534
1914|532|534
1915|532|534
1916|861|898
1918|585|587
1919|585|587
1920|1059|1097
1923|880|917
1924|921|958
1925|921|958
1926|880|917
1928|1061|1099
1929|1062|1100
1933|1063|1101
1935|523|525
1936|523|525
1937|972|1009
1938|686|688
1940|674|676
1941|1060|1098
1942|1064|1102
1943|883|920
1944|479|480
1945|972|1009
1946|1060|1098
1947|1065|1103
1948|1066|1104
1949|534|536
1950|1067|1105
1951|658|660
1952|534|536
1953|972|1009
1954|1060|1098
1955|1068|1106
1956|1069|1107
1957|534|536
1958|491|493
1959|1067|1105
1960|987|1024
1961|1058|1096
1962|1058|1096
1963|1070|1108
1965|972|1009
1966|1067|1105
1969|1071|1109
1970|835|872
1971|858|895
1972|1067|1105
1973|991|1028
1974|991|1028
1975|972|1009
1976|532|534
1977|1072|1110
1978|1067|1105
1979|602|604
1980|1073|1111
1981|1074|1112
1982|887|924
1983|887|924
1984|986|1023
1985|1075|1113
1986|694|696
1987|471|472
1988|1076|1114
1989|1067|1105
1990|1067|1105
1991|1077|1115
1992|972|1009
1993|991|1028
1994|585|587
1995|585|587
1996|1078|1116
1997|1079|1117
1998|1067|1105
1999|1027|1065
2001|1080|1118
2003|972|1009
2004|972|1009
2005|1050|1088
2006|1081|1119
2007|1082|1120
2008|1045|1083
2009|1083|1121
2010|468|469
2011|468|469
2014|1084|1122
2015|1075|1113
2016|986|1023
2017|596|598
2018|1085|1123
2019|1067|1105
2020|596|598
2021|596|598
2022|986|1023
2023|1067|1105
2024|1067|1105
2025|986|1023
2027|528|530
2028|674|676
2029|1086|1124
2030|532|534
2031|669|671
2032|972|1009
2033|1085|1123
2034|680|682
2035|1022|1060
2036|876|913
2037|876|913
2038|1087|1125
2039|1088|1126
2040|1089|1127
2041|1090|1128
2042|1091|1129
2043|972|1009
2044|624|626
2045|557|559
2046|998|1035
2047|1024|1062
2048|1024|1062
2049|1024|1062
2050|468|469
2051|602|604
2052|1084|1122
2053|972|1009
2054|1092|1130
2055|972|1009
2056|1093|1131
2057|1094|1132
2058|1088|1126
2059|658|660
2060|972|1009
2061|991|1028
2062|1095|1133
2063|585|587
2064|585|587
2065|1096|1134
2066|1097|1135
2067|567|569
2068|1098|1136
2070|565|567
2071|1098|1136
2072|857|894
2073|1099|1137
2074|1086|1124
2075|585|587
2076|1100|1138
2077|856|893
2078|575|577
2079|1101|1139
2080|1102|1140
2081|486|488
2082|1103|1141
2083|887|924
2084|959|996
2085|575|577
2087|1104|1142
2088|1105|1143
2089|1106|1144
2090|1107|1145
2091|1108|1146
2092|1109|1147
2093|1110|1148
2094|1111|1149
2095|1112|1150
2096|1113|1151
2097|1114|1152
2098|1115|1153
2099|991|1028
2100|1116|1154
2101|575|577
2102|624|626
2103|1080|1118
2104|658|660
2105|1117|1155
2106|1118|1156
2107|1119|1157
2108|470|471
2109|483|821
2110|483|821
2111|1120|1158
2112|991|1028
2113|549|551
2114|1121|1159
2115|1121|1159
2116|1122|1160
2117|1123|1161
2118|998|1035
2119|998|1035
2120|1124|1162
2121|583|585
2122|1125|1163
2123|486|488
2124|707|785
2125|1126|1164
2126|1127|1165
2127|1128|1166
2128|1129|1167
2129|1130|1168
2130|1131|1169
2131|1132|1170
2132|1133|1171
2133|486|488
2134|1134|1172
2135|565|567
2136|972|1009
2137|1135|1173
2138|883|920
2139|991|1028
2140|868|905
2141|883|920
2142|1119|1157
2143|883|920
2144|486|488
2145|486|488
2146|565|567
2147|575|577
2148|1136|1174
2149|567|569
2150|936|973
2152|883|920
2153|583|585
2155|583|585
2156|1138|1176
2157|1138|1176
2158|1086|1124
2159|1139|1177
2160|609|611
2162|629|631
2163|629|631
2164|998|1035
2165|187|187
2166|1140|1178
2167|1141|1179
2168|707|785
2169|1142|1180
2170|520|522
2171|1143|1181
2172|1144|1182
2175|660|662
2176|673|675
2177|660|662
2178|1082|1120
2180|1091|1129
2182|1145|1183
2183|1146|1184
2184|1147|1185
2185|1148|1186
2186|1149|1187
2187|1150|1188
2188|1151|1189
2191|673|675
2192|1152|1190
2193|1153|1191
2194|1154|1192
2195|565|567
2196|1155|1193
2197|575|577
2198|1144|1182
2199|1144|1182
2200|1045|1083
2201|674|676
2202|1156|1194
2203|1157|1195
2204|1158|1196
2205|462|762
2206|462|762
2207|1158|1196
2208|1154|1192
2209|1154|1192
2210|1159|1197
2211|1085|1123
2213|575|577
2214|575|577
2215|1144|1182
2216|1116|1154
2217|1154|1192
2218|740|743
2219|1160|1198
2220|1161|1199
2221|810|830
2222|1162|1200
2223|1163|1201
2224|485|487
2225|1164|1202
2226|1135|1173
2228|1119|1157
2231|187|187
2232|585|587
2233|575|577
2234|646|648
2235|1165|1203
2238|883|920
2239|1166|1204
2240|1167|1205
2241|1168|1206
2242|585|587
2243|462|762
2244|1169|1207
2245|1085|1123
2246|575|577
2247|567|569
2248|1063|1101
2249|1170|1208
2250|1171|1209
2251|1172|1210
2252|1140|1178
2253|1173|1211
2254|1148|1186
2256|1174|1212
2257|1175|1213
2258|1176|1214
2259|1177|1215
2260|674|676
2261|1178|1216
2262|1179|1217
2263|1180|1218
2264|1144|1182
2265|1027|1065
2266|1144|1182
2267|1063|1101
2268|1181|1219
2269|1182|1220
2270|1183|1221
2271|1184|1222
2272|585|587
2273|585|587
2274|1173|1211
2275|1185|1223
2276|1186|1224
2277|1091|1129
2278|1187|1225
2279|1188|1226
2280|680|682
2281|680|682
2282|1189|1227
2283|575|577
2284|1190|1228
2285|1191|1229
2286|1173|1211
2287|565|567
2288|567|569
2289|1085|1123
2290|1183|1221
2291|1192|1230
2292|1193|1231
2293|1194|1232
2294|1173|1211
2295|1195|1233
2296|1173|1211
2297|1085|1123
2298|1196|1234
2299|1196|1234
2300|1144|1182
2301|1197|1235
2302|1198|1236
2303|1199|1237
2304|1063|1101
2305|1200|1238
2306|810|830
2307|1085|1123
2308|1201|1239
2309|754|757
2310|1202|1240
2311|674|676
2312|1173|1211
2313|674|676
2314|1194|1232
2315|1188|1226
2316|1203|1241
2317|1201|1239
2318|810|830
2319|1196|1234
2320|1204|1242
2321|1091|1129
2322|810|830
2323|1205|1243
2324|834|871
2325|672|674
2326|1173|1211
2327|810|830
2328|1144|1182
2329|1206|1244
2330|1201|1239
2331|1207|1245
2332|964|1001
2333|810|830
2335|810|830
2336|1202|1240
2337|1208|1246
2338|810|830
2339|1209|1247
2340|1210|1248
2341|1211|1249
2342|1173|1211
2343|1212|1250
2344|1194|1232
2345|810|830
2346|1213|1251
2347|1211|1249
2348|1202|1240
2349|810|830
2350|810|830
2351|1211|1249
2352|1063|1101
2353|1063|1101
2354|1119|1157
2355|1214|1252
2356|1196|1234
2357|1215|1253
2358|1173|1211
2359|1216|1254
2360|1201|1239
2361|1196|1234
2363|1217|1255
2365|1219|1257
2366|1220|1258
2367|1218|1256
2368|810|830
2369|1173|1211
2370|1221|1259
2371|1199|1237
2372|1173|1211
2375|1175|1213
2376|1175|1213
2377|1201|1239
2378|1173|1211
2379|1188|1226
2380|1063|1101
2381|1223|1261
2382|1224|1262
2383|1225|1263
2384|1173|1211
2385|449|450
2386|1226|1264
2387|1063|1101
2388|1201|1239
2389|1063|1101
2390|1173|1211
2391|1227|1265
2392|1228|1266
2394|1229|1267
2395|1063|1101
2396|1173|1211
2397|1201|1239
2398|1230|1268
2399|1230|1268
2400|810|830
2401|1231|1269
2402|1232|1270
2403|1233|1271
2404|1201|1239
2405|1173|1211
2406|810|830
2407|1234|1272
2408|1235|1273
2410|1236|1274
2412|1173|1211
2413|1201|1239
2414|1236|1274
2415|1237|1275
2416|1236|1274
2417|1238|1276
2418|1239|1277
2419|1240|1278
2420|1241|1279
2421|1063|1101
2422|1242|1280
2423|810|830
2424|1243|1281
2425|1244|1282
2426|1237|1275
2427|810|830
2428|1063|1101
2429|1201|1239
2430|1173|1211
2431|1173|1211
2432|489|491
2433|489|491
2434|1173|1211
2435|1215|1253
2436|1195|1233
2437|1173|1211
2438|1194|1232
2439|1245|1283
2440|1196|1234
2441|1173|1211
2442|1246|1284
2443|1247|1285
2444|1248|1286
2445|1173|1211
2446|1173|1211
2447|1189|1227
2448|1184|1222
2450|1249|1287
2451|674|676
2452|674|676
2453|810|830
2454|810|830
2455|1032|1070
2456|1250|1288
2457|1251|1289
2458|1146|1184
2459|911|948
2460|1180|1218
2461|1221|1259
2462|1148|1186
2463|1201|1239
2464|1173|1211
2465|655|801
2466|1194|1232
2468|1216|1254
2469|1157|1195
2470|1253|1291
2471|1254|1292
2472|1255|1293
2473|1220|1258
2474|1256|1294
2475|1224|1262
2476|1249|1287
2477|1257|1295
2478|1258|1296
2479|1182|1220
2480|1259|1297
2481|1260|1298
2482|1261|1299
2483|1262|1300
2484|1263|1301
2485|1171|1209
2486|827|864
2487|1264|1302
2488|1265|1303
2489|1266|1304
2490|1267|1305
2491|1268|1306
2492|1269|1307
2493|1158|1196
2494|1189|1227
2495|1270|1308
2496|187|187
2497|1271|1309
2498|1245|1283
2500|1272|1310
2501|1273|1311
2502|713|156
2503|1274|1312
2504|1272|1310
2505|1275|1313
2506|1276|1314
2507|1277|1315
2508|1278|1316
2509|1279|1317
2510|1201|1239
2511|998|1035
2512|998|1035
2513|810|830
2514|1271|1309
2515|1085|1123
2516|187|187
2517|1280|1318
2518|1266|1304
2519|1274|1312
2520|1281|1319
2521|1085|1123
2522|1282|1320
2523|1283|1321
2524|1214|1252
2525|1284|1322
2526|1156|1194
2527|1201|1239
2528|1285|1323
2529|1286|1324
2530|494|496
2531|1085|1123
2532|1287|1325
2533|1288|1326
2536|1288|1326
2537|1288|1326
2538|1288|1326
2539|1201|1239
2540|1289|1327
2541|1156|1194
2542|1173|1211
2543|1290|1328
2544|1194|1232
2545|1216|1254
2546|1291|1329
2547|1292|1330
2548|1293|1331
2549|1294|1332
2550|1085|1123
2551|1085|1123
2552|1173|1211
2553|1295|1333
2554|1296|1334
2555|1201|1239
2556|1215|1253
2557|565|567
2558|1244|1282
2559|1297|1335
2560|1298|1336
2561|1078|1116
2562|1299|1337
2563|1246|1284
2564|1272|1310
2565|1300|1338
2566|7|7
2567|778|848
2568|1301|1339
2569|575|577
2570|494|496
2571|567|569
2572|1188|1226
2573|1173|1211
2574|1302|1340
2575|1303|1341
2576|1256|1294
2577|1239|1277
2578|1304|1342
2579|1257|1295
2580|1305|1343
2581|1305|1343
2582|1306|1344
2583|1307|1345
2584|1307|1345
2585|1254|1292
2586|1308|1346
2587|1309|1347
2588|1310|1348
2589|1311|1349
2590|1312|1350
2591|1199|1237
2592|1313|1351
2593|1314|1352
2594|1302|1340
2595|1186|1224
2596|1299|1337
2597|1299|1337
2598|1315|1353
2600|1173|1211
2601|1316|1354
2603|1317|1355
2604|1318|1356
2605|1319|1357
2606|1295|1333
2607|1173|1211
2608|1173|1211
2609|1173|1211
2610|1232|1270
2611|1320|1358
2612|1321|1359
2613|1321|1359
2614|1085|1123
2615|1295|1333
2616|1232|1270
2617|1322|1360
2618|1295|1333
2619|1173|1211
2621|1173|1211
2622|1232|1270
2623|7|7
2624|7|7
2625|1323|1361
2626|1324|1362
2627|1325|1363
2628|1326|1364
2629|1327|1365
2630|1274|1312
2631|793|805
2633|1302|1340
2634|1328|1366
2635|1173|1211
2636|1329|1367
2637|278|279
2638|709|851
2639|1330|1368
2640|1331|1369
2643|1227|1265
2644|1332|1370
2645|494|496
2646|1333|1371
2647|470|471
2648|1334|1372
2649|1335|1373
2650|949|986
2651|1336|1374
2652|949|986
2653|1337|1375
2654|1173|1211
2655|1338|1376
2656|1339|1377
2657|1340|1378
2658|1341|1379
2659|1294|1332
2660|1294|1332
2661|494|496
2662|911|948
2663|1195|1233
2664|1342|1380
2665|1343|1381
2666|1344|1382
2667|1345|1383
2668|1346|1384
2669|732|837
2670|187|187
2671|1347|1385
2672|1288|1326
2673|1348|1386
2674|1103|1141
2675|781|789
2676|1349|1387
2677|1286|1388
2678|1350|1389
2679|616|1390
2680|1351|1391
2681|1290|1328
2682|1352|1392
2683|1338|1376
2684|23|1393
2685|829|866
2686|1353|1394
2687|1354|1395
2688|1355|1396
2689|1356|1397
2690|1357|1398
2691|1358|1399
2692|1359|1400
2693|1360|1401
2694|1361|1402
2695|1356|1397
2696|1199|1237
2697|1362|1403
2698|1363|1404
2699|1201|1239
2700|1078|1116
2701|1078|1116
2702|1274|1312
2703|1326|1364
2704|1326|1364
2705|778|848
2706|778|848
2707|1319|1357
2708|1316|1354
2709|1246|1284
2710|1318|1356
2711|7|7
2712|1364|1405
2713|1365|1406
2714|1366|1407
2715|1366|1407
2716|793|805
2718|1367|1408
2719|1324|1362
2720|1254|1292
2721|1063|1101
2722|1173|1211
2723|1085|1123
2724|575|577
2725|1085|1123
2726|1232|1270
2727|1232|1270
2728|1368|1409
2729|1367|1408
2730|1369|1410
2732|1370|1411
2733|1370|1411
2735|1371|1412
2736|575|577
2737|565|567
2738|1372|1413
2739|1373|1414
2740|1374|1415
2741|1375|1416
2742|1376|1417
2743|1224|1262
2744|1314|1352
2745|1377|1418
2746|1363|1404
2747|1378|1419
2748|1379|1420
2749|1380|1421
2750|1381|1422
2751|793|805
2752|793|805
2753|1372|1413
2754|1372|1413
2755|1382|1423
2756|1383|1424
2757|470|471
2758|1384|1425
2759|1232|1270
2760|1385|1426
2761|1386|1427
2762|1387|1428
2763|959|996
2766|1389|1429
2767|1390|1430
2768|470|471
2769|470|471
2770|1391|1431
2775|1392|1436
2776|1393|1437
2777|1393|1438
2778|1315|1353
2779|674|676
2780|674|676
2781|1085|1123
2782|1394|1439
2783|1394|1439
2784|1357|1398
2785|1357|1398
2786|1395|1440
2787|1395|1440
2788|1396|1441
2789|1396|1441
2790|1397|1442
2791|1397|1442
2792|1398|1443
2793|1398|1443
2794|7|7
2795|7|7
2796|834|871
2797|834|871
2798|1399|1444
2799|1399|1444
2800|1400|1445
2801|1400|1445
2802|1401|1446
2803|1401|1446
2804|1402|1447
2805|1402|1447
2806|1403|1448
2807|1403|1448
2808|1246|1284
2809|1246|1284
2811|1404|1449
2812|1381|1422
2813|1381|1422
2814|1405|1450
2816|1063|1101
2817|1063|1101
2818|1406|1451
2819|1085|1123
2820|1173|1211
2821|911|948
2822|1407|1452
2823|515|517
2824|1408|1453
2825|1409|1454
2826|1410|1455
2828|1411|1456
2829|1412|1457
2830|1412|1457
2831|810|830
2833|1146|1184
2834|1146|1184
2835|1392|1436
2836|1413|1458
2837|658|660
2838|658|660
2839|1188|1226
2840|1414|1459
2841|1414|1459
2842|1414|1459
2844|1063|1101
2845|7|7
2846|1390|1430
2847|1415|1460
2848|1232|1270
2850|1416|1461
2853|1063|1101
2854|1063|1101
2855|1406|1451
2856|1203|1241
2857|1085|1123
2858|1365|1406
2859|1078|1116
2861|1417|1462
2862|1404|1449
2863|1411|1456
2864|1390|1430
2866|1418|1463
2867|1399|1444
2868|793|805
2869|1419|1464
2870|1203|1241
2871|565|567
2872|1188|1226
2873|1378|1419
2874|1085|1123
2875|1196|1234
2876|1056|1094
2878|1382|1423
2879|1173|1211
2880|1173|1211
2882|1420|1465
2883|1156|1194
2884|1421|1466
2885|509|511
2886|511|513
2887|1422|1467
2888|1423|1468
2889|1142|1180
2890|187|187
2892|470|471
2893|470|471
2894|1424|1469
2895|1425|1470
2896|1418|1463
2897|1400|1445
2898|1326|1364
2899|1325|1363
2900|1325|1363
2901|1327|1365
2902|1327|1365
2903|611|613
2904|1416|1461
2906|1426|1471
2907|1427|1472
2908|1063|1101
2910|1428|1473
2913|1430|1475
2914|1429|1474
2915|1063|1101
2916|1173|1211
2917|1431|1476
2919|1432|1477
2920|1085|1123
2921|1431|1476
2922|196|197
2923|1085|1123
2924|1085|1123
2925|1433|1478
2926|1433|1478
2927|1434|1479
2929|1435|1480
2930|1422|1467
2932|1436|1481
2933|1063|1101
2934|470|471
2935|470|471
2936|1085|1123
2937|1085|1123
2938|1431|1476
2939|1431|1476
2940|911|948
2942|1271|1309
2943|1271|1309
2946|1440|1485
2948|1441|1486
2949|1442|1487
2950|1443|1488
2951|611|613
2952|611|613
2953|611|613
2954|611|613
2955|1063|1101
2956|1444|1489
2957|1416|1461
2959|1173|1211
2960|911|948
2961|1446|1491
2962|611|613
2963|611|613
2964|611|613
2965|611|613
2966|470|471
2967|1445|1490
2968|1447|1492
2969|1378|1419
2971|1448|1493
2972|1449|1494
2973|1380|1421
2974|1321|1359
2975|1441|1486
2977|1450|1495
2978|1402|1447
2979|1451|1496
2980|7|7
2981|1365|1406
2982|1078|1116
2983|1325|1363
2985|1452|1497
2986|1272|1310
2987|1453|1498
2988|1323|1361
2989|1454|1499
2990|1455|1500
2991|1455|1500
2992|1418|1463
2993|1274|1312
2994|1367|1408
2995|1300|1338
2996|1316|1354
2997|1246|1284
2998|1298|1336
2999|1364|1405
3000|1319|1357
3001|778|848
3002|1390|1430
3003|1401|1446
3004|1404|1449
3005|1435|1480
3006|1394|1439
3007|1396|1441
3008|1403|1448
3009|1403|1448
3010|1372|1413
3011|793|805
3012|1456|1501
3013|1457|1502
3015|917|954
3016|1397|1442
3017|1458|1503
3018|1436|1481
3019|1459|1504
3020|1366|1407
3021|1398|1443
3022|1417|1462
3023|1395|1440
3024|1357|1398
3025|1400|1445
3026|1460|1505
3027|1461|1506
3028|1462|1507
3029|1463|1508
3030|1317|1355
3031|1464|1509
3032|1465|1510
3033|1315|1353
3034|1466|1511
3035|1466|1511
3036|1467|1512
3037|1468|1513
3038|1295|1333
3039|1469|1514
3040|1469|1514
3041|1173|1211
3042|1196|1234
3043|565|567
3044|959|996
3045|1203|1241
3046|1447|1492
3047|1431|1476
3048|1470|1515
3049|744|747
3050|1471|1516
3051|1472|1517
3052|1473|1518
3053|1474|1519
3054|674|676
3055|1447|1492
3056|1469|1514
3057|793|805
3058|1475|1520
3059|1476|1521
3060|1477|1522
3061|1478|1523
3062|744|747
3063|1452|1497
3064|1398|1443
3065|1435|1480
3066|1479|1524
3067|1480|1525
3068|1481|1526
3069|1078|1116
3070|1078|1116
3071|1482|1527
3072|1406|1451
3073|1378|1419
3074|1395|1440
3075|1403|1448
3076|1366|1407
3077|1366|1407
3078|1483|1528
3079|1173|1211
3080|1063|1101
3081|1050|1088
3082|1484|1529
3083|1485|1530
3084|1486|1531
3085|1338|1376
3086|1156|1194
3087|1272|1310
3088|778|848
3089|1479|1524
3090|1456|1501
3091|732|837
3092|732|837
3093|1246|1284
3094|1246|1284
3095|546|548
3096|1487|1532
3097|1405|1450
3098|1488|1533
3099|1489|1534
3100|1490|1535
3101|1186|1224
3102|1173|1211
3103|1173|1211
3104|1491|1536
3106|1063|1101
3107|1063|1101
3108|1378|1419
3109|565|567
3110|1063|1101
3111|611|613
3113|1425|1470
3114|1425|1470
3115|1455|1500
3116|1484|1529
3117|595|597
3118|1492|1537
3119|1493|1538
3120|1494|1539
3121|1495|1540
3122|1496|1541
3123|1497|1542
3124|1498|1543
3125|1499|1544
3126|1500|1545
3127|1501|1546
3128|1502|1547
3129|1503|1548
3130|1504|1549
3131|1505|1550
3132|1506|1551
3133|1496|1552
3134|1508|1553
3135|1063|1101
3136|1509|1554
3137|1510|1555
3138|1511|1556
3139|1512|1557
3140|1513|1558
3141|1514|1559
3142|1515|1560
3143|1516|1561
3144|1517|1562
3145|1518|1563
3146|1519|1564
3147|1520|1565
3148|1521|1566
3149|1522|1567
3150|1523|1568
3151|1524|1569
3152|1173|1211
3153|1525|1570
3154|1526|1571
3155|1527|1572
3156|1528|1573
3157|1529|1574
3158|1188|1226
3159|1530|1575
3160|1063|1101
3161|1173|1211
3162|1531|1576
3163|1532|1577
3164|1533|1578
3165|1534|1579
3166|1535|1580
3167|1536|1581
3168|1537|1582
3169|1538|1583
3170|1539|1584
3171|1540|1585
3172|1541|1586
3173|1542|1587
3174|1543|1588
3175|1544|1589
3176|1545|1590
3177|1546|1591
3178|1547|1592
3179|1548|1593
3180|1549|1594
3181|1550|1595
3182|1173|1211
3183|1551|1596
3184|1552|1597
3185|1553|1598
3186|1554|1599
3187|1555|1600
3188|1556|1601
3189|1557|1602
3190|1558|1603
3191|1559|1604
3192|1560|1605
3193|1561|1606
3194|1562|1607
3195|1563|1608
3196|1564|1609
3197|1565|1610
3198|1566|1611
3199|1567|1612
3200|1568|1613
3201|1569|1614
3202|1570|1615
3203|1272|1310
3204|1272|1310
3205|1571|1616
3206|1423|1468
3207|1173|1211
3208|1063|1101
3209|1572|1617
3210|1573|1618
3211|1574|1619
3212|1575|1620
3213|1194|1232
3214|1175|1213
3215|1576|1621
3216|1577|1622
3217|1578|1623
3218|1579|1624
3219|1580|1625
3220|1581|1626
3221|1582|1627
3222|1583|1628
3223|1584|1629
3224|1585|1630
3225|1586|1631
3226|1587|1632
3227|1588|1633
3228|1589|1634
3229|1590|1635
3230|1591|1636
3231|1592|1637
3232|1593|1638
3233|1594|1639
3234|1203|1241
3235|1595|1640
3236|1596|1641
3237|1597|1642
3238|1598|1643
3239|1599|1644
3240|1600|1645
3241|1601|1646
3242|1602|1647
3243|1603|1648
3244|1604|1649
3245|1605|1650
3246|1606|1651
3247|1607|1652
3248|1608|1653
3249|1609|1654
3250|1610|1655
3251|1611|1656
3252|1063|1101
3253|1612|1657
3254|1613|1658
3255|1614|1659
3256|1430|1475
3257|1615|1660
3258|1616|1661
3259|1617|1662
3260|1618|1663
3261|1619|1664
3262|1620|1665
3263|1621|1666
3264|1622|1667
3265|1623|1668
3266|1624|1669
3267|1625|1670
3268|1626|1671
3269|1627|1672
3270|1628|1673
3271|1629|1674
3272|1630|1675
3273|1631|1676
3274|1632|1677
3275|1633|1678
3276|1634|1679
3277|1635|1680
3278|1636|1681
3279|1637|1682
3280|1638|1683
3281|1639|1684
3282|1640|1685
3283|1641|1686
3285|1643|1688
3286|1644|1689
3287|1645|1690
3288|1646|1691
3289|1433|1478
3290|1426|1471
3291|1647|1692
3292|1648|1693
3293|1649|1694
3294|1650|1695
3295|1651|1696
3296|1652|1697
3297|1173|1211
3298|1653|1698
3299|1654|1699
3300|1655|1700
3301|1656|1701
3302|611|613
3303|1657|1702
3304|1658|1703
3305|1659|1704
3306|1660|1705
3307|1661|1706
3308|1662|1707
3309|1663|1708
3310|601|602
3311|1664|1709
3312|1665|1710
3313|1484|1529
3314|1666|1711
3315|1667|1712
3317|1668|1713
3318|1368|1409
3319|802|820
3320|1669|1714
3321|1670|1715
3322|1063|1101
3323|1671|1716
3324|1672|1717
3325|1673|1718
3326|1674|1719
3327|509|511
3328|1675|1720
3329|911|948
3330|1406|1451
3331|1676|1721
3332|1173|1211
3333|1677|1722
3334|1063|1101
3335|1678|1723
3336|1679|1724
3337|1680|1725
3338|1681|1726
3339|1682|1727
3340|1683|1728
3341|1684|1729
3342|1685|1730
3343|1686|1731
3344|1687|1732
3345|1688|1733
3346|1689|1734
3347|1690|1735
3348|1691|1736
3349|1692|1737
3350|1693|1738
3351|1694|1739
3352|1695|1740
3353|1455|1500
3354|778|848
3355|1433|1478
3356|1696|1741
3357|1697|1742
3358|1480|1525
3359|1338|1376
3360|1698|1743
3361|1699|1744
3362|1700|1745
3363|1701|1746
3364|20|20
3366|1702|1747
3367|1703|1748
3368|1704|1749
3369|1705|1750
3370|1706|1751
3371|1707|1752
3373|1709|1754
3374|1359|1400
3375|1710|1755
3376|1711|1756
3377|1299|1337
3378|1712|1757
3379|1713|1758
3380|829|866
3381|1708|1753
3382|1714|1759
3383|1715|1760
3384|1716|1761
3385|1717|1762
3386|1718|1763
3387|1719|1764
3388|1377|1418
3389|1720|1765
3390|1721|1766
3391|1722|1767
3392|1723|1768
3393|1724|1769
3394|1725|1770
3395|1350|1389
3396|1726|1771
3397|1727|1772
3398|1728|1773
3399|1729|1774
3400|1409|1454
3401|1730|1775
3402|827|864
3403|1731|1776
3404|710|831
3405|1732|1777
3406|1733|1778
3407|1734|1779
3408|1735|1780
3409|1736|1781
3410|1737|1782
3411|1738|1783
3412|1739|1784
3413|1740|1785
3414|1741|1786
3415|1742|1787
3416|1743|1788
3417|1744|1789
3418|1745|1790
3419|1746|1791
3420|1747|1792
3421|1748|1793
3422|1749|1794
3423|1750|1795
3424|1751|1796
3425|1752|1797
3426|1753|1798
3427|1754|1799
3428|1755|1800
3429|1756|1801
3430|1757|1802
3431|1758|1803
3432|1759|1804
3433|1760|1805
3434|1761|1806
3435|1295|1333
3436|1762|1807
3437|1763|1808
3438|1764|1809
3439|1765|1810
3440|1766|1811
3441|1767|1812
3442|1063|1101
3443|1426|1471
3444|1763|1808
3445|1763|1808
3446|1768|1813
3447|1570|1615
3448|1769|1814
3449|1770|1815
3450|1771|1816
3451|1772|1817
3452|1773|1818
3453|1774|1819
3454|1775|1820
3455|1776|1821
3456|1776|1821
3457|1777|1822
3458|1778|1823
3459|1779|1824
3460|1780|1825
3461|1173|1211
3462|1775|1820
3463|1781|1826
3464|1782|1827
3465|515|517
3466|515|517
3467|1783|1828
3468|1784|1829
3469|1785|1830
3470|1786|1831
3471|713|1832
3472|1375|1833
3473|1787|1834
3474|1788|1835
3475|1789|1836
3476|1790|1837
3477|1791|1838
3478|1792|1839
3479|1793|1840
3480|1794|1841
3481|1795|1842
3482|1796|1843
3483|1797|1844
3484|911|948
3485|1798|1845
3486|1799|1846
3487|1800|1847
3489|1085|1123
3490|534|536
3491|1354|1395
3492|1354|1395
3493|1085|1123
3494|1801|1848
3495|1802|1849
3496|1803|1850
3497|1804|1851
3498|1805|1852
3499|1806|1853
3500|1807|1854
3501|1808|1855
3502|1085|1123
3503|1809|1856
3504|1173|1211
3505|1173|1211
3506|1810|1857
3507|1811|1858
3508|565|567
3509|1295|1333
3510|1812|1859
3511|1813|1860
3512|1814|1861
3513|1815|1862
3514|1295|1333
3515|1816|1863
3516|1817|1864
3517|1818|1865
3518|1819|1866
3519|1820|1867
3520|1821|1868
3521|1822|1869
3522|1823|1870
3523|1824|1871
3524|1825|1872
3525|1378|1419
3526|1063|1101
3527|1826|1873
3528|1827|1874
3529|1505|1550
3530|1828|1875
3531|1829|1876
3532|1830|1877
3533|1831|1878
3534|1832|1879
3535|1833|1880
3536|1834|1881
3537|1835|1882
3538|1836|1883
3539|1837|1884
3540|1838|1885
3541|1295|1333
3542|1839|1886
3543|1840|1887
3544|1841|1888
3545|1842|1889
3546|1843|1890
3547|1446|1491
3548|1446|1491
3550|1085|1123
3551|1085|1123
3552|1844|1891
3553|1845|1892
3554|1846|1893
3555|1847|1894
3557|832|869
3558|832|869
3559|1848|1895
3560|1849|1896
3561|1850|1897
3562|1851|1898
3563|1852|1899
3564|1853|1900
3565|1854|1901
3566|1855|1902
3567|1856|1903
3568|1857|1904
3569|1858|1905
3570|1859|1906
3571|1860|1907
3572|1861|1908
3573|1862|1909
3574|1863|1910
3575|1864|1911
3576|1865|1912
3577|1866|1913
3578|1867|1914
3579|1868|1915
3580|1869|1916
3581|1870|1917
3582|1871|1918
3583|1872|1919
3584|1873|1920
3585|1874|1921
3586|1875|1922
3587|1876|1923
3588|1877|1924
3589|1878|1925
3590|1879|1926
3591|1880|1927
3592|1881|1928
3593|1882|1929
3594|1883|1930
3595|1884|1931
3596|1885|1932
3597|1317|1355
3598|1886|1933
3599|1887|1934
3600|1888|1935
3601|1889|1936
3602|1890|1937
3603|1314|1352
3604|1891|1938
3605|713|1832
3606|1295|1333
3607|1892|1939
3608|1893|1940
3609|1894|1941
3610|1173|1211
3611|1188|1226
3612|1895|1942
3613|1896|1943
3614|1255|1293
3615|1897|1944
3616|1898|1945
3617|1899|1946
3618|1900|1947
3619|1901|1948
3620|1902|1949
3621|1903|1950
3622|1838|1885
3623|1904|1951
3624|1905|1952
3625|1906|1953
3626|1843|1890
3627|1907|1954
3628|1908|1955
3629|1909|1956
3630|1910|1957
3631|1911|1958
3632|1912|1959
3633|1913|1960
3634|1914|1961
3635|1915|1962
3636|20|20
3637|822|854
3638|1354|1395
3639|1916|1963
3640|1917|1964
3641|1829|1876
3642|1829|1876
3643|1918|1965
3644|1919|1966
3645|1920|1967
3646|1921|1968
3648|1767|1812
3649|1378|1419
3650|1922|1969
3651|1923|1970
3652|1924|1971
3653|1925|1972
3654|1926|1973
3655|1927|1974
3656|1928|1975
3657|1696|1741
3658|1929|1976
3659|1723|1768
3660|1930|1977
3661|1725|1770
3662|1931|1978
3663|1932|1979
3664|1933|1980
3665|1173|1211
3666|1196|1234
3667|1934|1981
3668|1935|1982
3669|832|869
3670|1936|1983
3671|1196|1234
3672|1271|1309
3673|1271|1309
3674|1271|1309
3675|1724|1769
3676|1937|1984
3677|1938|1985
3678|1939|1986
3679|1940|1987
3680|1941|1988
3681|1942|1989
3682|1943|1990
3684|565|567
3685|1944|1991
3686|1173|1211
3687|1173|1211
3688|1173|1211
3689|1063|1101
3690|1945|1992
3691|1946|1993
3692|1947|1994
3693|1948|1995
3694|1949|1996
3695|1950|1997
3696|1085|1123
3698|1196|1234
3699|1196|1234
3700|1934|1981
3701|1946|1993
3702|1951|1998
3703|1952|1999
3704|1953|2000
3705|1954|2001
3706|1955|2002
3707|674|676
3708|611|613
3709|1956|2003
3710|1957|2004
3711|1958|2005
3712|1085|1123
3713|1959|2006
3714|1960|2007
3715|1961|2008
3716|1063|1101
3717|1406|1451
3718|1962|2009
3719|1963|2010
3720|1964|2011
3721|1965|2012
3722|1966|2013
3723|1967|2014
3724|1968|2015
3725|1969|2016
3726|1970|2017
3727|1171|1209
3728|196|197
3730|1196|1234
3731|565|567
3732|1971|2018
3733|1972|2019
3734|1973|2020
3735|1974|2021
3736|1091|1129
3737|1975|2022
3738|1976|2023
3739|11|2024
3740|1977|2025
3741|1978|2026
3742|1979|2027
3743|1980|2028
3744|1173|1211
3745|1295|1333
3746|1981|2029
3747|1982|2030
3748|1983|2031
3749|1157|1195
3750|1984|2032
3751|1447|1492
3752|1985|2033
3753|1986|2034
3754|567|2035
3755|1987|2036
3756|1988|2037
3757|1186|1224
3758|1186|1224
3760|1990|2039
3761|1991|2040
3762|1190|1228
3763|1992|2041
3764|1993|2042
3765|1994|2043
3766|1995|2044
3767|1996|2045
3768|1997|2046
3769|1998|2047
3770|1999|2048
3771|2000|2049
3772|2001|2050
3773|2002|2051
3774|2003|2052
3775|1295|1333
3776|2004|2053
3777|2005|2054
3778|2006|2055
3779|2007|2056
3780|2008|2057
3781|2009|2058
3782|2010|2059
3783|2011|2060
3784|2012|2061
3785|2013|2062
3786|2014|2063
3787|2015|2064
3788|2016|2065
3789|2017|2066
3790|2018|2067
3791|2019|2068
3792|672|674
3793|1843|1890
3794|1063|1101
3795|2020|2069
3796|2021|2070
3797|2022|2071
3798|1994|2043
3799|1173|1211
3800|1173|1211
3801|2023|2072
3802|2024|2073
3803|2025|2074
3804|2026|2075
3805|2027|2076
3806|2028|2077
3807|2029|2078
3808|2030|2079
3809|1580|1625
3810|2031|2080
3811|2032|2081
3812|2033|2082
3813|1173|1211
3814|2034|2083
3815|1196|1234
3816|1196|1234
3817|565|567
3818|1203|1241
3819|2035|2084
3820|2036|2085
3821|2037|2086
3822|2038|2087
3823|2039|2088
3824|2040|2089
3825|2041|2090
3826|2042|2091
3827|2043|2092
3828|2044|2093
3829|2045|2094
3830|2046|2095
3831|2047|2096
3832|2048|2097
3833|2049|2098
3834|2050|2099
3835|2051|2100
3836|2052|2101
3837|2053|2102
3838|2054|2103
3839|2055|2104
3840|2056|2105
3841|2057|2106
3842|2058|2107
3843|2059|2108
3844|2060|2109
3845|2061|2110
3846|2062|2111
3847|2063|2112
3848|2064|2113
3849|2065|2114
3850|2066|2115
3851|2067|2116
3852|2068|2117
3853|2069|2118
3854|2070|2119
3855|2071|2120
3856|2072|2121
3857|1571|1616
3858|2073|2122
3859|2074|2123
3860|2075|2124
3861|2076|2125
3862|2077|2126
3863|1173|1211
3864|2078|2127
3865|1196|1234
3866|673|675
3867|2079|2128
3868|2079|2128
3869|660|662
3870|2080|2129
3871|2081|2130
3872|2082|2131
3873|2083|2132
3874|2083|2132
3875|2084|2133
3876|2085|2134
3877|2085|2134
3878|2086|2135
3879|2087|2136
3880|2088|2137
3881|586|588
3884|586|588
3885|675|677
3886|2089|2138
3887|660|662
3888|1063|1101
